cost=3.255102992888129
C=2.898207956178365e6
exit=0
it=103
it_delay=0
n=1000.0
m=100.0
ra=0.03
beta_phi=0.001
phi0=0.04
eta_chi=15.0
eta_phi=120.0
p=4.0
q=1.0
p_control=false
opt_delay=Any[]
full_edges=false
hold_const=Any[]
ϕ_global=false
E0/E1=0.6
rho=0.3
phi_min=0.5
kappa=1.0e-9
chi_min=0.001
E=210000.0
nu=0.3