# material=17-4PH
# grain_id phi1 Phi phi2 (Bunge, deg) crystal
1 3.217000000000 176.743000000000 -154.690000000000 bcc
2 146.263000000000 71.224000000000 -112.255000000000 bcc
3 176.239000000000 82.460000000000 -52.431000000000 bcc
4 -147.877000000000 122.244000000000 93.692000000000 bcc
5 12.127000000000 46.618000000000 -93.564000000000 bcc
6 -135.894000000000 151.477000000000 78.108000000000 bcc
7 -35.187000000000 81.080000000000 -22.710000000000 bcc
8 -68.472000000000 62.111000000000 14.060000000000 bcc
9 106.932000000000 95.726000000000 -113.043000000000 bcc
10 51.831000000000 12.550000000000 -172.293000000000 bcc
11 257.120000000000 84.082000000000 -90.115000000000 bcc
12 -75.998000000000 174.547000000000 112.928000000000 bcc
13 -92.807000000000 174.232000000000 -67.623000000000 bcc
14 23.629000000000 144.015000000000 -180.589000000000 bcc
15 22.079000000000 85.456000000000 36.581000000000 bcc
16 72.046000000000 89.803000000000 -94.745000000000 bcc
17 -79.333000000000 89.025000000000 132.747000000000 bcc
18 244.515000000000 55.902000000000 -103.702000000000 bcc
19 152.835000000000 96.420000000000 15.820000000000 bcc
20 -96.848000000000 161.864000000000 -67.545000000000 bcc
21 0.131000000000 124.736000000000 17.697000000000 bcc
22 -66.229000000000 76.288000000000 40.616000000000 bcc
23 -5.799000000000 87.500000000000 -168.366000000000 bcc
24 258.442000000000 148.114000000000 -78.794000000000 bcc
25 89.265000000000 48.412000000000 -4.079000000000 bcc
26 -158.278000000000 16.283000000000 87.145000000000 bcc
27 -72.625000000000 174.006000000000 115.615000000000 bcc
28 -29.561000000000 80.698000000000 162.253000000000 bcc
29 -39.007000000000 26.067000000000 0.722000000000 bcc
30 109.290000000000 82.793000000000 -87.325000000000 bcc
31 -124.438000000000 129.871000000000 43.797000000000 bcc
32 260.158000000000 109.243000000000 -94.503000000000 bcc
33 -57.808000000000 79.342000000000 -34.718000000000 bcc
34 -9.580000000000 107.395000000000 -32.321000000000 bcc
35 -8.505000000000 87.215000000000 87.300000000000 bcc
36 198.842000000000 83.666000000000 -103.404000000000 bcc
37 49.206000000000 14.756000000000 -168.856000000000 bcc
38 64.153000000000 84.022000000000 -81.754000000000 bcc
39 111.335000000000 116.642000000000 -107.619000000000 bcc
40 -75.559000000000 41.865000000000 188.400000000000 bcc
41 54.691000000000 177.597000000000 -102.209000000000 bcc
42 9.026000000000 133.280000000000 152.907000000000 bcc
43 250.263000000000 93.201000000000 -87.873000000000 bcc
44 152.648000000000 102.165000000000 13.130000000000 bcc
45 -127.158000000000 152.273000000000 79.155000000000 bcc
46 22.601000000000 176.053000000000 -135.868000000000 bcc
47 25.947000000000 177.588000000000 -132.321000000000 bcc
48 144.076000000000 30.171000000000 -34.127000000000 bcc
49 176.925000000000 86.372000000000 -52.132000000000 bcc
50 -158.226000000000 144.863000000000 43.339000000000 bcc
51 -134.182000000000 145.047000000000 105.171000000000 bcc
52 83.135000000000 109.807000000000 -96.303000000000 bcc
53 20.873000000000 98.584000000000 127.083000000000 bcc
54 143.718000000000 141.110000000000 -44.150000000000 bcc
55 23.295000000000 97.794000000000 129.581000000000 bcc
56 19.369000000000 82.160000000000 39.955000000000 bcc
57 4.384000000000 130.950000000000 -170.906000000000 bcc
58 248.627000000000 53.300000000000 -86.806000000000 bcc
59 163.088000000000 23.307000000000 -50.567000000000 bcc
60 -38.171000000000 147.777000000000 118.419000000000 bcc
61 23.796000000000 135.887000000000 -178.964000000000 bcc
62 52.295000000000 12.567000000000 -173.489000000000 bcc
63 46.590000000000 50.648000000000 59.359000000000 bcc
64 158.549000000000 21.246000000000 -50.730000000000 bcc
65 -19.186000000000 80.702000000000 88.687000000000 bcc
66 18.028000000000 123.538000000000 -157.743000000000 bcc
67 150.626000000000 95.834000000000 17.247000000000 bcc
68 -77.931000000000 86.290000000000 148.289000000000 bcc
69 79.683000000000 153.934000000000 -96.825000000000 bcc
70 -178.683000000000 51.851000000000 98.130000000000 bcc
71 153.146000000000 24.356000000000 -21.353000000000 bcc
72 256.070000000000 76.965000000000 -94.707000000000 bcc
73 -67.745000000000 41.395000000000 -1.781000000000 bcc
74 -108.971000000000 90.459000000000 96.713000000000 bcc
75 251.369000000000 93.343000000000 -89.739000000000 bcc
76 50.024000000000 13.657000000000 -172.693000000000 bcc
77 -106.988000000000 114.053000000000 129.327000000000 bcc
78 54.946000000000 50.881000000000 -135.596000000000 bcc
79 3.139000000000 46.933000000000 -88.530000000000 bcc
80 70.945000000000 119.083000000000 -88.276000000000 bcc
81 -24.490000000000 45.261000000000 22.794000000000 bcc
82 -12.348000000000 176.882000000000 -163.047000000000 bcc
83 32.636000000000 72.752000000000 -144.515000000000 bcc
84 -115.612000000000 92.033000000000 216.780000000000 bcc
85 72.572000000000 98.438000000000 -94.178000000000 bcc
86 25.687000000000 95.212000000000 6.728000000000 bcc
87 180.648000000000 143.665000000000 -130.459000000000 bcc
88 80.055000000000 137.970000000000 -35.236000000000 bcc
89 93.500000000000 67.694000000000 -73.822000000000 bcc
90 19.547000000000 138.070000000000 -179.568000000000 bcc
91 -170.061000000000 46.954000000000 88.872000000000 bcc
92 -97.109000000000 162.249000000000 111.966000000000 bcc
93 155.387000000000 26.599000000000 -29.083000000000 bcc
94 23.916000000000 4.629000000000 -86.494000000000 bcc
95 -91.323000000000 161.878000000000 -63.660000000000 bcc
96 -170.202000000000 54.035000000000 67.221000000000 bcc
97 -146.663000000000 109.162000000000 19.326000000000 bcc
98 243.735000000000 67.277000000000 -70.647000000000 bcc
99 -67.635000000000 122.608000000000 166.517000000000 bcc
100 -113.226000000000 86.453000000000 95.835000000000 bcc
101 186.039000000000 44.640000000000 -58.566000000000 bcc
102 -129.514000000000 152.884000000000 78.629000000000 bcc
103 -10.062000000000 38.605000000000 127.072000000000 bcc
104 43.758000000000 177.462000000000 -115.773000000000 bcc
105 187.119000000000 22.831000000000 -63.273000000000 bcc
106 148.679000000000 90.874000000000 14.608000000000 bcc
107 -65.296000000000 175.961000000000 125.406000000000 bcc
108 -172.084000000000 45.489000000000 95.518000000000 bcc
109 110.905000000000 149.114000000000 -105.415000000000 bcc
110 85.848000000000 63.673000000000 -89.156000000000 bcc
111 -74.043000000000 34.289000000000 190.455000000000 bcc
112 240.491000000000 75.795000000000 -96.001000000000 bcc
113 9.758000000000 138.175000000000 161.550000000000 bcc
114 -98.147000000000 141.427000000000 117.764000000000 bcc
115 171.949000000000 80.331000000000 -129.781000000000 bcc
116 103.729000000000 139.698000000000 -9.253000000000 bcc
117 187.089000000000 135.327000000000 -27.343000000000 bcc
118 -168.282000000000 52.805000000000 66.264000000000 bcc
119 -115.129000000000 161.387000000000 93.743000000000 bcc
120 70.523000000000 91.314000000000 -96.390000000000 bcc
121 251.677000000000 93.126000000000 -90.333000000000 bcc
122 -130.252000000000 130.656000000000 219.702000000000 bcc
123 199.052000000000 124.608000000000 -92.855000000000 bcc
124 146.462000000000 86.515000000000 -62.253000000000 bcc
125 67.178000000000 91.275000000000 -95.398000000000 bcc
126 157.725000000000 46.274000000000 -37.362000000000 bcc
127 221.381000000000 28.119000000000 -111.889000000000 bcc
128 153.682000000000 97.087000000000 16.559000000000 bcc
129 186.413000000000 43.989000000000 -85.217000000000 bcc
130 -104.641000000000 144.602000000000 98.937000000000 bcc
131 67.130000000000 61.251000000000 -151.755000000000 bcc
132 77.207000000000 95.204000000000 -92.849000000000 bcc
133 146.401000000000 68.871000000000 -24.379000000000 bcc
134 12.894000000000 126.386000000000 -155.453000000000 bcc
135 79.514000000000 98.118000000000 -134.893000000000 bcc
136 -151.874000000000 174.108000000000 63.241000000000 bcc
137 250.656000000000 93.203000000000 -90.106000000000 bcc
138 -70.585000000000 71.245000000000 -31.599000000000 fcc
139 -164.353000000000 87.486000000000 98.197000000000 fcc
140 68.656000000000 179.212000000000 -89.334000000000 bcc
141 74.905000000000 64.472000000000 45.403000000000 bcc
142 -96.228000000000 103.972000000000 92.875000000000 bcc
143 93.794000000000 133.329000000000 -85.795000000000 bcc
144 -178.998000000000 145.755000000000 52.443000000000 bcc
145 15.169000000000 175.222000000000 -141.885000000000 bcc
146 26.065000000000 83.907000000000 32.597000000000 bcc
147 60.966000000000 109.333000000000 -96.934000000000 bcc
148 -64.591000000000 48.874000000000 7.526000000000 bcc
149 157.940000000000 95.928000000000 0.395000000000 bcc
150 44.493000000000 22.354000000000 -83.825000000000 bcc
151 -63.173000000000 117.034000000000 -42.488000000000 bcc
152 186.279000000000 24.865000000000 -77.047000000000 bcc
153 58.887000000000 110.024000000000 -97.140000000000 bcc
154 -207.775000000000 35.928000000000 140.525000000000 bcc
155 184.286000000000 21.988000000000 -80.390000000000 bcc
156 176.039000000000 86.812000000000 -53.429000000000 bcc
157 -123.957000000000 167.982000000000 87.975000000000 bcc
158 -136.674000000000 147.246000000000 71.499000000000 bcc
159 16.043000000000 45.434000000000 -96.570000000000 bcc
160 -25.532000000000 37.269000000000 -27.050000000000 bcc
161 242.526000000000 144.062000000000 -88.961000000000 bcc
162 22.749000000000 85.458000000000 34.340000000000 bcc
163 -55.269000000000 126.412000000000 164.436000000000 bcc
164 -100.978000000000 124.649000000000 134.981000000000 fcc
165 -127.337000000000 129.831000000000 41.273000000000 bcc
166 -35.738000000000 115.825000000000 -25.560000000000 bcc
167 157.357000000000 27.490000000000 -34.082000000000 bcc
168 109.780000000000 131.187000000000 -106.785000000000 bcc
169 152.654000000000 95.372000000000 16.896000000000 bcc
170 9.155000000000 106.712000000000 -67.825000000000 bcc
171 199.905000000000 36.218000000000 -59.837000000000 bcc
172 18.563000000000 74.595000000000 3.251000000000 bcc
173 8.934000000000 176.083000000000 -149.634000000000 bcc
174 -109.966000000000 90.746000000000 97.683000000000 bcc
175 -107.787000000000 89.248000000000 96.995000000000 bcc
176 26.951000000000 175.687000000000 -132.229000000000 bcc
177 53.381000000000 13.066000000000 -172.504000000000 bcc
178 116.210000000000 34.989000000000 -188.378000000000 bcc
179 -101.876000000000 22.803000000000 -36.878000000000 bcc
180 81.447000000000 47.013000000000 -89.110000000000 bcc
181 -180.065000000000 86.023000000000 27.031000000000 bcc
182 -39.840000000000 173.881000000000 158.617000000000 bcc
183 -8.055000000000 127.676000000000 146.295000000000 bcc
184 -112.210000000000 151.288000000000 104.089000000000 bcc
185 44.575000000000 11.092000000000 -166.869000000000 bcc
186 258.136000000000 131.272000000000 -90.546000000000 bcc
187 -166.659000000000 54.749000000000 83.816000000000 bcc
188 -96.370000000000 160.984000000000 -68.552000000000 bcc
189 -97.189000000000 163.383000000000 22.310000000000 bcc
190 -8.775000000000 86.760000000000 86.512000000000 bcc
191 50.263000000000 124.038000000000 -144.169000000000 bcc
192 -66.591000000000 61.863000000000 46.893000000000 bcc
193 141.603000000000 29.795000000000 -211.092000000000 bcc
194 -92.414000000000 153.385000000000 113.671000000000 bcc
195 51.703000000000 11.304000000000 -171.824000000000 bcc
196 70.019000000000 90.767000000000 -96.961000000000 bcc
197 -31.483000000000 82.843000000000 -23.596000000000 bcc
198 15.903000000000 121.832000000000 -64.486000000000 bcc
199 148.320000000000 96.923000000000 14.966000000000 bcc
200 31.152000000000 26.565000000000 81.114000000000 bcc
201 96.070000000000 56.107000000000 -156.841000000000 bcc
202 105.223000000000 94.857000000000 -112.568000000000 bcc
203 230.672000000000 46.052000000000 -74.169000000000 bcc
204 -21.372000000000 86.078000000000 91.263000000000 bcc
205 78.467000000000 63.429000000000 44.804000000000 bcc
206 -39.408000000000 53.773000000000 43.909000000000 fcc
207 249.650000000000 91.552000000000 -89.472000000000 bcc
208 82.187000000000 47.602000000000 -91.207000000000 bcc
209 -136.352000000000 161.796000000000 56.408000000000 bcc
210 61.800000000000 101.809000000000 -87.388000000000 bcc
211 130.514000000000 14.415000000000 -197.098000000000 bcc
212 -157.605000000000 134.062000000000 1.103000000000 bcc
213 -77.650000000000 175.207000000000 110.953000000000 bcc
214 -35.932000000000 175.522000000000 -7.119000000000 bcc
215 -118.556000000000 117.326000000000 58.908000000000 bcc
216 -7.477000000000 87.078000000000 87.131000000000 bcc
217 52.513000000000 12.697000000000 -173.544000000000 bcc
218 -74.581000000000 34.038000000000 9.277000000000 bcc
219 -182.289000000000 63.856000000000 153.607000000000 bcc
220 16.810000000000 71.795000000000 -136.301000000000 bcc
221 79.489000000000 84.584000000000 -65.353000000000 bcc
222 -64.917000000000 75.765000000000 136.624000000000 bcc
223 20.290000000000 81.555000000000 32.885000000000 bcc
224 50.524000000000 177.416000000000 -110.097000000000 bcc
225 175.579000000000 82.630000000000 -54.557000000000 bcc
226 -153.804000000000 113.913000000000 91.773000000000 bcc
227 -29.926000000000 82.619000000000 163.860000000000 bcc
228 173.422000000000 75.994000000000 -36.177000000000 bcc
229 -101.414000000000 137.388000000000 114.934000000000 bcc
230 -104.089000000000 156.347000000000 21.930000000000 bcc
231 22.107000000000 99.161000000000 126.763000000000 bcc
232 -78.445000000000 173.204000000000 109.677000000000 bcc
233 69.902000000000 91.164000000000 -95.997000000000 bcc
234 -161.102000000000 53.533000000000 153.032000000000 bcc
235 77.998000000000 57.930000000000 -132.103000000000 fcc
236 -27.493000000000 94.840000000000 -25.635000000000 bcc
237 -106.098000000000 143.320000000000 95.120000000000 bcc
238 -6.489000000000 47.147000000000 -44.514000000000 bcc
239 77.527000000000 67.272000000000 -155.259000000000 bcc
240 56.117000000000 12.633000000000 -176.633000000000 bcc
241 98.564000000000 158.343000000000 -73.178000000000 bcc
242 -148.251000000000 60.445000000000 63.677000000000 bcc
243 154.129000000000 102.025000000000 -41.532000000000 bcc
244 253.119000000000 91.756000000000 -89.305000000000 bcc
245 153.203000000000 103.155000000000 10.800000000000 bcc
246 -85.493000000000 162.276000000000 -56.390000000000 bcc
247 82.280000000000 44.699000000000 -88.257000000000 bcc
248 45.882000000000 122.614000000000 -151.184000000000 bcc
249 2.490000000000 129.078000000000 -169.114000000000 bcc
250 64.041000000000 116.480000000000 -106.178000000000 bcc
251 -7.146000000000 87.731000000000 87.083000000000 bcc
252 54.296000000000 11.743000000000 -173.557000000000 bcc
253 60.723000000000 127.222000000000 -164.314000000000 bcc
254 166.848000000000 84.251000000000 -35.022000000000 bcc
255 11.187000000000 106.776000000000 147.571000000000 bcc
256 -17.746000000000 152.464000000000 129.520000000000 bcc
257 51.673000000000 12.188000000000 -172.884000000000 bcc
258 172.820000000000 43.687000000000 -57.000000000000 bcc
259 150.811000000000 95.144000000000 16.810000000000 bcc
260 -24.207000000000 171.656000000000 174.096000000000 bcc
261 72.846000000000 176.659000000000 -89.856000000000 bcc
262 -31.549000000000 90.065000000000 164.463000000000 bcc
263 9.799000000000 49.119000000000 -94.206000000000 bcc
264 46.794000000000 11.366000000000 -167.896000000000 bcc
265 97.133000000000 158.793000000000 -70.176000000000 bcc
266 -128.465000000000 76.250000000000 97.540000000000 bcc
267 -192.063000000000 137.905000000000 29.568000000000 bcc
268 -100.679000000000 124.324000000000 133.581000000000 fcc
269 -120.689000000000 73.900000000000 175.713000000000 bcc
270 39.638000000000 67.271000000000 45.578000000000 bcc
271 -5.667000000000 98.388000000000 -159.941000000000 bcc
272 -114.415000000000 161.102000000000 95.654000000000 bcc
273 246.181000000000 57.052000000000 -100.966000000000 bcc
274 170.748000000000 22.923000000000 -50.919000000000 bcc
275 -29.675000000000 153.783000000000 114.606000000000 bcc
276 171.588000000000 42.116000000000 -55.704000000000 bcc
277 -68.119000000000 59.662000000000 45.493000000000 bcc
278 -56.702000000000 123.997000000000 162.024000000000 bcc
279 96.507000000000 158.569000000000 -74.678000000000 bcc
280 -120.956000000000 75.393000000000 97.358000000000 bcc
281 151.951000000000 94.694000000000 18.094000000000 bcc
282 -6.937000000000 41.077000000000 147.323000000000 bcc
283 50.995000000000 176.485000000000 -109.323000000000 bcc
284 -69.710000000000 59.915000000000 48.910000000000 bcc
285 51.911000000000 12.671000000000 -172.929000000000 bcc
286 94.914000000000 82.053000000000 25.991000000000 bcc
287 19.376000000000 74.202000000000 1.549000000000 bcc
288 -149.324000000000 149.272000000000 4.091000000000 bcc
289 -128.158000000000 53.385000000000 141.494000000000 bcc
290 -141.038000000000 156.487000000000 59.652000000000 bcc
291 12.782000000000 148.562000000000 -104.039000000000 bcc
292 49.017000000000 13.063000000000 -170.211000000000 bcc
293 -101.569000000000 75.868000000000 134.015000000000 bcc
294 68.117000000000 104.029000000000 -132.702000000000 fcc
295 47.894000000000 51.558000000000 60.368000000000 bcc
296 -130.768000000000 114.663000000000 71.431000000000 bcc
297 161.904000000000 27.682000000000 -35.189000000000 bcc
298 -60.311000000000 88.427000000000 40.569000000000 bcc
299 -169.019000000000 143.509000000000 41.883000000000 bcc
300 -97.643000000000 163.240000000000 21.850000000000 bcc
