# material=316L; build dir at 45.0 deg to load axis x in x-y plane
# grain_id phi1 Phi phi2 (Bunge, deg) crystal
1 51.082 99.644 201.463 fcc
2 97.704 90.932 191.971 fcc
3 136.182 134.380 209.282 fcc
4 84.188 102.164 236.850 fcc
5 49.678 98.978 201.326 fcc
6 49.915 99.031 201.065 fcc
7 173.268 61.703 333.003 fcc
8 158.865 141.283 113.821 fcc
9 89.990 95.466 233.278 fcc
10 308.934 113.139 316.812 fcc
11 237.855 76.609 63.774 fcc
12 159.313 138.691 114.979 fcc
13 123.049 143.121 230.055 fcc
14 85.010 100.538 235.258 fcc
15 50.144 100.083 203.344 fcc
16 98.472 59.805 212.420 fcc
17 333.864 172.028 326.385 fcc
18 284.669 90.704 276.404 fcc
19 160.063 139.482 115.130 fcc
20 275.559 132.419 305.682 fcc
21 272.348 133.478 303.947 fcc
22 163.103 123.153 307.834 fcc
23 83.693 100.431 234.229 fcc
24 340.295 172.382 331.119 fcc
25 97.569 91.479 192.834 fcc
26 7.736 79.962 175.793 fcc
27 172.039 66.679 333.953 fcc
28 8.831 79.093 175.856 fcc
29 239.303 79.258 64.976 fcc
30 66.851 76.805 225.278 fcc
31 164.088 140.493 116.382 fcc
32 310.735 113.756 318.506 fcc
33 85.953 100.981 234.512 fcc
34 4.728 78.690 175.303 fcc
35 6.949 80.145 177.036 fcc
36 66.930 76.557 224.862 fcc
37 7.305 79.481 174.204 fcc
38 85.864 99.684 236.084 fcc
39 272.467 133.564 303.104 fcc
40 6.335 80.643 174.579 fcc
41 66.148 76.797 225.144 fcc
42 51.410 98.503 201.226 fcc
43 159.292 140.105 112.121 fcc
44 84.469 100.190 235.524 fcc
45 10.713 157.739 349.402 fcc
46 298.185 110.235 316.581 fcc
47 5.020 72.259 199.122 fcc
48 330.399 172.197 322.377 fcc
49 21.028 74.628 272.866 fcc
50 5.928 80.641 176.228 fcc
51 136.549 133.052 212.571 fcc
52 66.823 76.564 224.875 fcc
53 272.267 133.351 303.817 fcc
