# material=316L
# grain_id phi1 Phi phi2 (Bunge, deg) crystal
1 37.474000000000 101.097000000000 -126.135000000000 fcc
2 -54.410000000000 164.839000000000 -23.153000000000 fcc
3 11.307000000000 103.198000000000 -144.083000000000 fcc
4 -50.745000000000 161.385000000000 -18.743000000000 fcc
5 228.778000000000 132.524000000000 -54.654000000000 fcc
6 -94.648000000000 112.966000000000 -42.557000000000 fcc
7 -37.386000000000 80.585000000000 176.838000000000 fcc
8 -95.334000000000 112.507000000000 -40.853000000000 fcc
9 37.232000000000 101.782000000000 -123.867000000000 fcc
10 92.997000000000 134.791000000000 -147.960000000000 fcc
11 -244.227000000000 140.525000000000 113.012000000000 fcc
12 38.889000000000 99.407000000000 -124.972000000000 fcc
13 227.974000000000 133.243000000000 -53.370000000000 fcc
14 -245.318000000000 140.561000000000 112.272000000000 fcc
15 227.444000000000 133.314000000000 -55.823000000000 fcc
16 -166.052000000000 77.089000000000 62.157000000000 fcc
17 3.624000000000 97.794000000000 -159.273000000000 fcc
18 -95.235000000000 115.488000000000 -40.071000000000 fcc
19 22.470000000000 76.062000000000 -135.151000000000 fcc
20 226.871000000000 134.365000000000 -56.420000000000 fcc
21 -247.546000000000 138.399000000000 112.187000000000 fcc
22 230.011000000000 131.961000000000 -54.416000000000 fcc
23 -165.837000000000 78.388000000000 63.152000000000 fcc
24 -75.700000000000 170.599000000000 -39.686000000000 fcc
25 -49.628000000000 148.990000000000 -28.873000000000 fcc
26 -155.283000000000 92.426000000000 23.723000000000 fcc
27 39.629000000000 100.990000000000 -124.720000000000 fcc
28 230.256000000000 131.922000000000 -53.435000000000 fcc
29 44.844000000000 93.730000000000 -126.777000000000 fcc
30 -26.448000000000 59.050000000000 180.369000000000 fcc
31 39.413000000000 100.583000000000 -125.428000000000 fcc
32 5.152000000000 98.729000000000 -158.126000000000 fcc
33 238.657000000000 91.472000000000 -81.680000000000 fcc
34 -241.477000000000 141.516000000000 116.505000000000 fcc
35 -24.224000000000 77.068000000000 -88.347000000000 fcc
36 -33.621000000000 31.687000000000 22.218000000000 fcc
37 89.926000000000 134.563000000000 -152.311000000000 fcc
38 38.885000000000 99.932000000000 -125.254000000000 fcc
39 -163.175000000000 79.065000000000 61.702000000000 fcc
40 4.880000000000 99.384000000000 -159.303000000000 fcc
41 240.684000000000 90.595000000000 -81.874000000000 fcc
42 -37.590000000000 80.277000000000 175.599000000000 fcc
43 26.816000000000 74.814000000000 -140.437000000000 fcc
44 229.154000000000 132.996000000000 -55.461000000000 fcc
45 -40.166000000000 78.646000000000 177.538000000000 fcc
46 40.283000000000 102.077000000000 -123.063000000000 fcc
47 40.900000000000 98.517000000000 -125.649000000000 fcc
48 -242.398000000000 138.943000000000 115.746000000000 fcc
49 45.069000000000 94.801000000000 -123.269000000000 fcc
50 -40.082000000000 81.082000000000 173.872000000000 fcc
51 105.988000000000 114.069000000000 7.321000000000 fcc
52 -242.811000000000 138.778000000000 114.631000000000 fcc
53 117.583000000000 124.530000000000 -51.724000000000 fcc
54 -106.398000000000 108.140000000000 -45.548000000000 fcc
55 119.714000000000 125.187000000000 -51.662000000000 fcc
56 4.215000000000 99.362000000000 -158.117000000000 fcc
57 -38.068000000000 80.464000000000 175.909000000000 fcc
58 -40.769000000000 81.061000000000 176.940000000000 fcc
59 -38.283000000000 80.525000000000 176.132000000000 fcc
60 -166.307000000000 77.416000000000 64.676000000000 fcc
61 225.538000000000 134.894000000000 -56.153000000000 fcc
62 54.235000000000 59.959000000000 -148.177000000000 fcc
63 239.064000000000 89.091000000000 -80.435000000000 fcc
64 -37.618000000000 157.516000000000 -11.064000000000 fcc
65 -40.075000000000 79.843000000000 177.246000000000 fcc
66 228.030000000000 131.538000000000 -57.565000000000 fcc
67 23.319000000000 74.156000000000 -135.519000000000 fcc
68 240.010000000000 88.646000000000 -80.435000000000 fcc
69 -106.676000000000 108.187000000000 -45.291000000000 fcc
70 -49.454000000000 152.055000000000 -27.668000000000 fcc
71 43.946000000000 97.713000000000 -126.548000000000 fcc
72 -165.240000000000 76.519000000000 65.874000000000 fcc
73 -117.589000000000 84.110000000000 22.042000000000 fcc
74 -94.180000000000 115.654000000000 -42.008000000000 fcc
75 41.471000000000 102.238000000000 -125.166000000000 fcc
76 92.121000000000 131.425000000000 -150.718000000000 fcc
77 106.015000000000 115.763000000000 6.157000000000 fcc
78 -33.560000000000 31.265000000000 21.364000000000 fcc
79 -36.253000000000 80.696000000000 175.573000000000 fcc
80 -39.079000000000 79.093000000000 178.108000000000 fcc
81 240.487000000000 91.078000000000 -82.119000000000 fcc
82 64.000000000000 148.263000000000 -145.545000000000 fcc
83 -240.937000000000 139.658000000000 117.616000000000 fcc
84 22.074000000000 76.575000000000 -135.098000000000 fcc
85 -38.379000000000 80.009000000000 176.115000000000 fcc
86 3.493000000000 97.147000000000 -158.767000000000 fcc
87 -39.755000000000 81.159000000000 178.234000000000 fcc
88 45.352000000000 95.587000000000 -126.468000000000 fcc
89 -94.705000000000 114.606000000000 -42.534000000000 fcc
90 226.330000000000 134.044000000000 -56.442000000000 fcc
91 106.514000000000 116.809000000000 6.499000000000 fcc
92 116.642000000000 124.621000000000 -52.941000000000 fcc
93 -95.726000000000 114.813000000000 -41.503000000000 fcc
94 53.952000000000 59.455000000000 -148.486000000000 fcc
95 227.449000000000 133.583000000000 -56.022000000000 fcc
96 -96.075000000000 115.569000000000 -41.609000000000 fcc
97 4.197000000000 100.603000000000 -160.429000000000 fcc
98 239.860000000000 90.169000000000 -81.421000000000 fcc
99 -94.367000000000 113.726000000000 -41.495000000000 fcc
100 -155.912000000000 95.263000000000 24.144000000000 fcc
101 239.800000000000 92.554000000000 -84.123000000000 fcc
102 -95.533000000000 113.451000000000 -41.638000000000 fcc
103 -38.720000000000 79.417000000000 174.924000000000 fcc
104 240.635000000000 90.748000000000 -82.610000000000 fcc
105 -105.926000000000 108.221000000000 -43.837000000000 fcc
106 224.753000000000 115.023000000000 -83.332000000000 fcc
107 39.499000000000 103.204000000000 -126.570000000000 fcc
108 23.270000000000 75.257000000000 -134.925000000000 fcc
109 -38.744000000000 74.182000000000 201.056000000000 fcc
110 22.154000000000 76.511000000000 -135.453000000000 fcc
111 126.587000000000 63.239000000000 -26.443000000000 fcc
112 6.971000000000 100.182000000000 -158.525000000000 fcc
113 227.469000000000 131.787000000000 -55.560000000000 fcc
114 114.448000000000 142.591000000000 -245.308000000000 fcc
115 105.916000000000 115.039000000000 8.812000000000 fcc
116 4.415000000000 98.512000000000 -158.483000000000 fcc
117 -95.201000000000 113.062000000000 -43.018000000000 fcc
118 -94.195000000000 114.250000000000 -41.044000000000 fcc
119 65.773000000000 93.676000000000 -176.682000000000 fcc
120 -166.393000000000 79.055000000000 64.844000000000 fcc
121 39.647000000000 101.287000000000 -125.467000000000 fcc
122 -37.973000000000 80.771000000000 175.912000000000 fcc
123 -155.556000000000 95.168000000000 24.580000000000 fcc
124 -92.445000000000 112.551000000000 -38.718000000000 fcc
125 -165.949000000000 79.357000000000 63.630000000000 fcc
126 -93.320000000000 112.793000000000 -41.683000000000 fcc
127 5.245000000000 97.884000000000 -158.425000000000 fcc
128 23.895000000000 76.943000000000 -135.305000000000 fcc
129 226.063000000000 133.188000000000 -57.243000000000 fcc
130 229.134000000000 133.849000000000 -56.809000000000 fcc
131 227.433000000000 133.343000000000 -55.786000000000 fcc
132 40.848000000000 100.954000000000 -123.903000000000 fcc
133 -27.344000000000 59.448000000000 179.155000000000 fcc
134 114.157000000000 140.954000000000 -245.389000000000 fcc
135 -244.658000000000 139.620000000000 114.078000000000 fcc
136 112.574000000000 138.730000000000 -246.965000000000 fcc
137 152.457000000000 101.324000000000 10.011000000000 fcc
138 -34.600000000000 31.273000000000 22.000000000000 fcc
139 107.673000000000 116.561000000000 7.858000000000 fcc
140 39.496000000000 100.865000000000 -124.915000000000 fcc
141 4.379000000000 98.737000000000 -159.413000000000 fcc
142 -164.100000000000 76.865000000000 64.367000000000 fcc
143 23.215000000000 76.653000000000 -137.731000000000 fcc
144 6.838000000000 98.601000000000 -158.315000000000 fcc
145 38.313000000000 101.955000000000 -123.569000000000 fcc
146 -245.399000000000 139.693000000000 112.718000000000 fcc
147 228.088000000000 134.063000000000 -54.968000000000 fcc
148 -244.237000000000 139.429000000000 113.185000000000 fcc
149 39.706000000000 99.053000000000 -125.952000000000 fcc
150 43.107000000000 96.150000000000 -125.415000000000 fcc
151 -27.952000000000 57.906000000000 180.748000000000 fcc
152 -94.294000000000 112.921000000000 -41.645000000000 fcc
153 226.664000000000 132.529000000000 -56.959000000000 fcc
154 -37.485000000000 77.824000000000 176.001000000000 fcc
155 3.646000000000 98.391000000000 -159.146000000000 fcc
156 -246.171000000000 142.498000000000 112.517000000000 fcc
157 115.978000000000 124.741000000000 -54.490000000000 fcc
158 -95.584000000000 111.773000000000 -41.840000000000 fcc
159 21.734000000000 75.428000000000 -136.693000000000 fcc
160 -37.902000000000 80.101000000000 176.114000000000 fcc
161 -93.628000000000 114.648000000000 -41.257000000000 fcc
162 143.660000000000 114.850000000000 6.281000000000 fcc
163 238.679000000000 91.593000000000 -81.369000000000 fcc
164 106.257000000000 115.754000000000 6.378000000000 fcc
165 39.492000000000 100.721000000000 -124.827000000000 fcc
166 225.364000000000 133.638000000000 -56.146000000000 fcc
167 -93.377000000000 113.939000000000 -41.482000000000 fcc
168 -69.323000000000 168.470000000000 -31.921000000000 fcc
169 22.586000000000 77.248000000000 -135.887000000000 fcc
170 -94.399000000000 171.940000000000 -57.552000000000 fcc
171 -245.142000000000 140.123000000000 114.465000000000 fcc
172 -93.723000000000 115.281000000000 -43.622000000000 fcc
173 241.449000000000 92.723000000000 -81.732000000000 fcc
174 -95.032000000000 113.559000000000 -39.614000000000 fcc
175 -93.052000000000 114.244000000000 -42.783000000000 fcc
176 39.835000000000 100.261000000000 -122.023000000000 fcc
177 53.047000000000 61.676000000000 -147.731000000000 fcc
178 39.091000000000 99.615000000000 -124.194000000000 fcc
179 -28.455000000000 60.575000000000 178.574000000000 fcc
180 228.151000000000 132.928000000000 -56.995000000000 fcc
181 -244.831000000000 140.796000000000 114.191000000000 fcc
182 -93.975000000000 112.565000000000 -42.393000000000 fcc
183 22.933000000000 77.240000000000 -137.045000000000 fcc
184 -139.861000000000 82.158000000000 27.105000000000 fcc
185 52.881000000000 59.340000000000 -148.148000000000 fcc
186 225.814000000000 130.860000000000 -56.207000000000 fcc
187 126.282000000000 24.115000000000 -25.081000000000 fcc
188 226.935000000000 132.430000000000 -56.013000000000 fcc
189 -37.394000000000 82.497000000000 176.792000000000 fcc
190 80.683000000000 144.397000000000 -128.207000000000 fcc
191 -105.447000000000 108.730000000000 -43.839000000000 fcc
192 240.844000000000 90.658000000000 -83.296000000000 fcc
193 -94.285000000000 113.672000000000 -41.141000000000 fcc
194 112.362000000000 139.265000000000 -247.365000000000 fcc
195 93.079000000000 135.322000000000 -150.419000000000 fcc
196 -94.417000000000 113.718000000000 -41.403000000000 fcc
197 -93.106000000000 113.998000000000 -38.606000000000 fcc
198 -162.997000000000 78.992000000000 61.444000000000 fcc
199 4.886000000000 98.646000000000 -158.811000000000 fcc
200 21.537000000000 78.419000000000 -136.206000000000 fcc
201 39.215000000000 102.033000000000 -122.606000000000 fcc
202 -93.338000000000 113.936000000000 -42.198000000000 fcc
203 -244.234000000000 140.204000000000 113.071000000000 fcc
204 81.822000000000 144.913000000000 -126.490000000000 fcc
205 -39.078000000000 81.244000000000 176.372000000000 fcc
206 -244.857000000000 140.493000000000 114.508000000000 fcc
207 81.226000000000 143.591000000000 -124.734000000000 fcc
208 226.937000000000 133.821000000000 -56.125000000000 fcc
209 -247.027000000000 140.829000000000 111.585000000000 fcc
210 126.206000000000 63.751000000000 -25.811000000000 fcc
211 4.718000000000 99.404000000000 -158.906000000000 fcc
212 -49.824000000000 150.383000000000 -26.363000000000 fcc
213 39.632000000000 100.788000000000 -125.129000000000 fcc
214 -244.386000000000 140.463000000000 115.516000000000 fcc
215 39.519000000000 99.638000000000 -123.563000000000 fcc
216 -24.772000000000 75.789000000000 -89.544000000000 fcc
217 88.972000000000 133.898000000000 -151.938000000000 fcc
218 115.206000000000 124.114000000000 -51.902000000000 fcc
219 106.109000000000 115.856000000000 5.905000000000 fcc
220 38.379000000000 100.344000000000 -124.358000000000 fcc
221 43.705000000000 96.937000000000 -125.640000000000 fcc
222 -58.246000000000 162.704000000000 -26.091000000000 fcc
223 45.405000000000 95.808000000000 -124.699000000000 fcc
224 40.273000000000 100.208000000000 -125.234000000000 fcc
225 11.529000000000 105.023000000000 -142.255000000000 fcc
226 -41.543000000000 156.736000000000 -14.808000000000 fcc
227 227.243000000000 133.265000000000 -55.750000000000 fcc
228 5.282000000000 100.141000000000 -159.591000000000 fcc
229 92.268000000000 135.620000000000 -148.728000000000 fcc
230 116.844000000000 124.091000000000 -52.416000000000 fcc
231 116.824000000000 124.549000000000 -52.720000000000 fcc
232 39.779000000000 100.377000000000 -124.293000000000 fcc
233 -164.881000000000 78.954000000000 64.234000000000 fcc
234 -51.128000000000 162.755000000000 -19.782000000000 fcc
235 -48.196000000000 161.516000000000 -17.949000000000 fcc
236 125.588000000000 24.124000000000 -24.456000000000 fcc
237 104.037000000000 116.178000000000 3.670000000000 fcc
238 -37.447000000000 80.778000000000 175.313000000000 fcc
239 167.495000000000 112.997000000000 10.171000000000 fcc
240 54.301000000000 59.994000000000 -147.831000000000 fcc
241 6.156000000000 97.020000000000 -157.915000000000 fcc
242 -95.595000000000 114.062000000000 -42.308000000000 fcc
243 4.543000000000 99.585000000000 -158.804000000000 fcc
244 81.491000000000 143.664000000000 -126.315000000000 fcc
245 227.805000000000 134.534000000000 -56.776000000000 fcc
246 227.381000000000 133.219000000000 -55.655000000000 fcc
247 227.099000000000 134.862000000000 -56.139000000000 fcc
248 4.860000000000 98.798000000000 -159.037000000000 fcc
249 -244.733000000000 140.595000000000 114.680000000000 fcc
250 240.248000000000 90.743000000000 -82.055000000000 fcc
251 85.831000000000 144.894000000000 -122.581000000000 fcc
252 90.461000000000 133.617000000000 -150.936000000000 fcc
253 -93.925000000000 115.592000000000 -43.569000000000 fcc
254 106.286000000000 116.245000000000 7.047000000000 fcc
255 44.975000000000 95.072000000000 -125.828000000000 fcc
256 -92.392000000000 114.962000000000 -39.000000000000 fcc
257 53.216000000000 59.306000000000 -147.547000000000 fcc
258 3.449000000000 99.203000000000 -157.615000000000 fcc
259 21.991000000000 75.070000000000 -134.190000000000 fcc
260 -93.987000000000 113.826000000000 -40.567000000000 fcc
261 -163.607000000000 76.983000000000 62.803000000000 fcc
262 -36.734000000000 79.842000000000 173.602000000000 fcc
263 226.612000000000 132.954000000000 -56.263000000000 fcc
264 53.807000000000 59.678000000000 -145.848000000000 fcc
265 -39.275000000000 80.607000000000 175.800000000000 fcc
266 4.428000000000 97.674000000000 -159.877000000000 fcc
267 6.078000000000 99.829000000000 -156.815000000000 fcc
268 -48.077000000000 149.515000000000 -25.690000000000 fcc
269 114.700000000000 138.966000000000 -244.563000000000 fcc
270 227.246000000000 133.657000000000 -56.162000000000 fcc
271 4.814000000000 98.925000000000 -158.781000000000 fcc
272 -94.234000000000 113.377000000000 -41.528000000000 fcc
273 226.662000000000 133.086000000000 -56.547000000000 fcc
274 -37.478000000000 81.108000000000 176.521000000000 fcc
275 -94.875000000000 113.590000000000 -42.255000000000 fcc
276 4.749000000000 98.829000000000 -158.826000000000 fcc
277 -34.210000000000 32.835000000000 24.254000000000 fcc
278 242.323000000000 90.078000000000 -82.586000000000 fcc
279 5.351000000000 97.148000000000 -158.453000000000 fcc
280 4.199000000000 98.340000000000 -159.297000000000 fcc
281 -164.335000000000 78.014000000000 63.654000000000 fcc
282 2.775000000000 98.739000000000 -157.718000000000 fcc
283 242.045000000000 91.123000000000 -81.851000000000 fcc
284 149.820000000000 98.638000000000 0.237000000000 fcc
285 92.387000000000 135.733000000000 -148.087000000000 fcc
286 -107.293000000000 109.550000000000 -45.738000000000 fcc
287 113.621000000000 138.282000000000 -245.125000000000 fcc
288 -140.451000000000 83.665000000000 28.747000000000 fcc
289 106.744000000000 114.623000000000 5.243000000000 fcc
290 106.479000000000 116.173000000000 6.440000000000 fcc
291 45.796000000000 94.711000000000 -125.292000000000 fcc
292 51.794000000000 59.395000000000 -147.104000000000 fcc
293 5.510000000000 98.153000000000 -159.264000000000 fcc
294 -27.054000000000 60.098000000000 178.980000000000 fcc
295 240.568000000000 91.299000000000 -81.780000000000 fcc
296 -12.983000000000 67.654000000000 -8.852000000000 fcc
297 52.957000000000 91.397000000000 -168.582000000000 fcc
298 -247.675000000000 141.764000000000 111.916000000000 fcc
299 5.011000000000 98.646000000000 -159.328000000000 fcc
300 44.916000000000 94.633000000000 -125.492000000000 fcc
301 227.184000000000 133.340000000000 -56.115000000000 fcc
302 39.962000000000 100.544000000000 -124.722000000000 fcc
303 39.453000000000 100.837000000000 -124.863000000000 fcc
304 40.468000000000 101.904000000000 -125.659000000000 fcc
305 -91.587000000000 112.293000000000 -40.782000000000 fcc
306 37.567000000000 100.253000000000 -123.281000000000 fcc
307 -29.417000000000 59.099000000000 181.799000000000 fcc
308 -163.028000000000 77.054000000000 63.783000000000 fcc
309 -38.358000000000 79.572000000000 175.579000000000 fcc
310 4.381000000000 97.984000000000 -158.053000000000 fcc
311 -94.236000000000 114.056000000000 -41.598000000000 fcc
312 40.559000000000 99.687000000000 -125.593000000000 fcc
313 239.422000000000 90.880000000000 -81.577000000000 fcc
314 125.448000000000 64.263000000000 -22.685000000000 fcc
315 -94.720000000000 113.642000000000 -41.201000000000 fcc
316 -11.965000000000 67.986000000000 -8.866000000000 fcc
317 241.697000000000 89.789000000000 -82.824000000000 fcc
318 38.492000000000 103.265000000000 -124.433000000000 fcc
319 3.785000000000 98.102000000000 -160.485000000000 fcc
320 4.791000000000 98.921000000000 -158.962000000000 fcc
321 22.784000000000 75.353000000000 -135.211000000000 fcc
322 9.731000000000 102.445000000000 -145.025000000000 fcc
323 -71.076000000000 170.611000000000 -33.084000000000 fcc
324 52.083000000000 60.333000000000 -147.704000000000 fcc
325 -96.634000000000 114.585000000000 -42.267000000000 fcc
326 3.105000000000 97.231000000000 -159.228000000000 fcc
327 240.451000000000 92.081000000000 -81.044000000000 fcc
328 91.145000000000 134.053000000000 -150.486000000000 fcc
329 3.680000000000 101.150000000000 -157.614000000000 fcc
330 4.787000000000 99.462000000000 -158.740000000000 fcc
331 226.873000000000 131.546000000000 -57.156000000000 fcc
332 37.331000000000 102.555000000000 -124.842000000000 fcc
333 -106.769000000000 109.883000000000 -44.553000000000 fcc
334 226.366000000000 135.417000000000 -55.382000000000 fcc
335 226.965000000000 133.036000000000 -53.344000000000 fcc
336 -38.351000000000 80.110000000000 176.104000000000 fcc
337 112.990000000000 141.124000000000 -246.559000000000 fcc
338 5.307000000000 100.699000000000 -159.201000000000 fcc
339 -105.467000000000 107.358000000000 -43.392000000000 fcc
340 -36.161000000000 79.320000000000 174.519000000000 fcc
341 117.082000000000 124.470000000000 -52.447000000000 fcc
342 239.991000000000 90.891000000000 -83.489000000000 fcc
343 21.871000000000 76.588000000000 -135.238000000000 fcc
344 21.618000000000 78.121000000000 -133.702000000000 fcc
345 41.939000000000 99.226000000000 -124.441000000000 fcc
346 39.372000000000 98.813000000000 -125.590000000000 fcc
347 -164.547000000000 78.219000000000 63.523000000000 fcc
348 37.764000000000 102.530000000000 -125.787000000000 fcc
349 20.158000000000 77.077000000000 -136.561000000000 fcc
350 -246.434000000000 139.651000000000 112.974000000000 fcc
351 227.260000000000 132.550000000000 -55.731000000000 fcc
352 -139.559000000000 82.506000000000 25.664000000000 fcc
353 40.052000000000 102.922000000000 -126.530000000000 fcc
354 227.812000000000 135.508000000000 -56.628000000000 fcc
355 116.461000000000 125.668000000000 -52.963000000000 fcc
356 -163.629000000000 79.677000000000 62.389000000000 fcc
357 -94.060000000000 115.697000000000 -39.880000000000 fcc
358 239.387000000000 89.635000000000 -82.099000000000 fcc
359 39.665000000000 100.655000000000 -124.985000000000 fcc
360 93.016000000000 132.769000000000 -147.868000000000 fcc
361 -38.192000000000 80.538000000000 178.202000000000 fcc
362 3.946000000000 98.994000000000 -160.341000000000 fcc
363 -39.333000000000 81.403000000000 176.087000000000 fcc
364 -38.690000000000 80.364000000000 176.292000000000 fcc
365 -31.699000000000 32.448000000000 19.769000000000 fcc
366 65.091000000000 94.431000000000 -175.529000000000 fcc
367 45.287000000000 94.566000000000 -125.136000000000 fcc
368 -92.659000000000 114.173000000000 -40.912000000000 fcc
369 -96.632000000000 114.634000000000 -41.584000000000 fcc
370 240.229000000000 90.643000000000 -81.745000000000 fcc
371 -94.762000000000 112.597000000000 -41.435000000000 fcc
372 104.467000000000 116.110000000000 6.495000000000 fcc
373 20.668000000000 77.235000000000 -135.604000000000 fcc
374 52.495000000000 88.855000000000 -169.934000000000 fcc
375 39.393000000000 100.409000000000 -124.909000000000 fcc
376 -95.388000000000 112.515000000000 -41.759000000000 fcc
377 4.312000000000 99.732000000000 -160.182000000000 fcc
378 -30.046000000000 59.571000000000 180.363000000000 fcc
379 106.920000000000 116.900000000000 7.334000000000 fcc
380 -38.895000000000 80.410000000000 176.234000000000 fcc
381 25.946000000000 74.832000000000 -139.061000000000 fcc
382 -59.243000000000 168.472000000000 -24.023000000000 fcc
383 -38.051000000000 80.953000000000 176.118000000000 fcc
384 142.594000000000 116.184000000000 4.294000000000 fcc
385 21.831000000000 76.033000000000 -134.382000000000 fcc
386 -165.415000000000 78.094000000000 63.542000000000 fcc
387 -94.710000000000 112.347000000000 -42.238000000000 fcc
388 -22.777000000000 75.148000000000 -87.891000000000 fcc
389 127.064000000000 64.487000000000 -26.725000000000 fcc
390 4.655000000000 98.960000000000 -159.103000000000 fcc
391 -163.524000000000 76.539000000000 64.689000000000 fcc
392 240.134000000000 90.388000000000 -84.668000000000 fcc
393 -95.305000000000 115.010000000000 -40.305000000000 fcc
394 -80.770000000000 170.976000000000 -44.229000000000 fcc
395 -93.714000000000 113.345000000000 -41.357000000000 fcc
396 227.218000000000 133.310000000000 -56.021000000000 fcc
397 -38.470000000000 80.728000000000 176.193000000000 fcc
398 -164.840000000000 78.337000000000 64.207000000000 fcc
399 226.643000000000 132.998000000000 -56.724000000000 fcc
400 225.299000000000 133.770000000000 -57.035000000000 fcc
401 -13.141000000000 67.366000000000 -6.277000000000 fcc
402 -48.699000000000 149.753000000000 -28.286000000000 fcc
403 239.909000000000 90.858000000000 -83.265000000000 fcc
404 226.611000000000 132.669000000000 -55.656000000000 fcc
405 -38.192000000000 157.586000000000 -10.191000000000 fcc
406 21.759000000000 75.066000000000 -134.803000000000 fcc
407 227.329000000000 133.027000000000 -55.942000000000 fcc
408 39.321000000000 100.275000000000 -124.884000000000 fcc
409 -92.747000000000 112.552000000000 -39.694000000000 fcc
410 52.430000000000 90.849000000000 -167.870000000000 fcc
411 143.223000000000 115.698000000000 4.431000000000 fcc
412 -143.682000000000 114.490000000000 -11.295000000000 fcc
413 -21.979000000000 75.512000000000 -90.354000000000 fcc
414 90.838000000000 133.431000000000 -150.401000000000 fcc
415 5.616000000000 100.399000000000 -158.908000000000 fcc
416 20.992000000000 78.839000000000 -133.375000000000 fcc
417 -85.232000000000 172.026000000000 -46.115000000000 fcc
418 -154.000000000000 94.596000000000 26.591000000000 fcc
419 -39.187000000000 80.951000000000 176.191000000000 fcc
420 3.053000000000 98.549000000000 -159.063000000000 fcc
421 106.193000000000 115.838000000000 6.204000000000 fcc
422 -95.999000000000 114.981000000000 -39.898000000000 fcc
423 -94.325000000000 113.616000000000 -41.925000000000 fcc
424 -35.978000000000 157.279000000000 -9.247000000000 fcc
425 226.130000000000 133.012000000000 -56.889000000000 fcc
426 38.604000000000 100.538000000000 -124.708000000000 fcc
427 225.100000000000 134.067000000000 -56.537000000000 fcc
428 -93.495000000000 113.209000000000 -42.384000000000 fcc
429 39.760000000000 100.666000000000 -124.748000000000 fcc
430 45.091000000000 95.115000000000 -125.867000000000 fcc
431 223.600000000000 132.721000000000 -58.981000000000 fcc
432 -95.323000000000 114.392000000000 -44.305000000000 fcc
433 -163.279000000000 77.140000000000 63.026000000000 fcc
434 -105.223000000000 108.274000000000 -44.052000000000 fcc
435 240.326000000000 90.997000000000 -81.984000000000 fcc
436 38.623000000000 99.320000000000 -125.200000000000 fcc
437 -41.157000000000 80.353000000000 177.234000000000 fcc
438 21.938000000000 77.346000000000 -135.227000000000 fcc
439 5.238000000000 101.141000000000 -158.916000000000 fcc
440 -96.528000000000 114.993000000000 -41.788000000000 fcc
441 11.327000000000 104.468000000000 -143.759000000000 fcc
442 40.492000000000 101.352000000000 -124.804000000000 fcc
443 39.656000000000 99.433000000000 -124.602000000000 fcc
444 5.358000000000 100.344000000000 -160.285000000000 fcc
445 -42.434000000000 156.263000000000 -16.003000000000 fcc
446 39.165000000000 101.371000000000 -126.067000000000 fcc
447 -95.963000000000 113.514000000000 -42.090000000000 fcc
448 -34.486000000000 30.819000000000 22.681000000000 fcc
449 -37.694000000000 80.558000000000 176.206000000000 fcc
450 20.192000000000 78.883000000000 -134.269000000000 fcc
451 44.191000000000 95.754000000000 -123.784000000000 fcc
452 -141.431000000000 82.673000000000 28.701000000000 fcc
453 44.576000000000 94.876000000000 -125.931000000000 fcc
454 -245.141000000000 139.793000000000 114.584000000000 fcc
455 226.885000000000 134.398000000000 -55.790000000000 fcc
456 -93.314000000000 111.583000000000 -39.452000000000 fcc
457 39.844000000000 101.658000000000 -123.557000000000 fcc
458 -33.929000000000 30.564000000000 24.239000000000 fcc
459 53.823000000000 60.228000000000 -148.148000000000 fcc
460 44.997000000000 95.849000000000 -125.596000000000 fcc
461 -30.433000000000 81.269000000000 179.564000000000 fcc
462 -95.431000000000 113.816000000000 -41.745000000000 fcc
463 226.006000000000 132.671000000000 -58.176000000000 fcc
464 -45.881000000000 150.982000000000 -22.970000000000 fcc
465 230.023000000000 132.828000000000 -52.760000000000 fcc
466 -40.039000000000 157.091000000000 -14.071000000000 fcc
467 -27.574000000000 58.980000000000 179.616000000000 fcc
468 -242.662000000000 140.931000000000 116.242000000000 fcc
469 -31.524000000000 157.842000000000 -5.826000000000 fcc
470 -31.549000000000 80.638000000000 179.723000000000 fcc
471 -103.331000000000 108.493000000000 -44.617000000000 fcc
472 227.219000000000 133.336000000000 -55.877000000000 fcc
473 240.384000000000 90.862000000000 -82.037000000000 fcc
474 -107.941000000000 107.704000000000 -43.354000000000 fcc
475 -38.786000000000 79.375000000000 174.658000000000 fcc
476 -140.330000000000 81.784000000000 27.306000000000 fcc
477 -141.050000000000 83.473000000000 27.313000000000 fcc
478 4.739000000000 97.001000000000 -157.414000000000 fcc
479 -93.841000000000 114.170000000000 -41.614000000000 fcc
480 -164.002000000000 78.461000000000 64.240000000000 fcc
481 -117.835000000000 88.224000000000 19.892000000000 fcc
482 -94.352000000000 113.608000000000 -42.422000000000 fcc
483 225.751000000000 134.433000000000 -57.951000000000 fcc
484 55.136000000000 60.343000000000 -148.663000000000 fcc
485 226.130000000000 133.637000000000 -57.297000000000 fcc
486 -245.342000000000 139.754000000000 113.712000000000 fcc
487 55.404000000000 61.488000000000 -147.769000000000 fcc
488 45.266000000000 95.010000000000 -125.731000000000 fcc
489 226.955000000000 134.837000000000 -56.651000000000 fcc
490 38.820000000000 99.955000000000 -125.218000000000 fcc
491 -92.646000000000 114.145000000000 -42.507000000000 fcc
492 -37.410000000000 80.468000000000 173.260000000000 fcc
493 23.337000000000 75.949000000000 -134.566000000000 fcc
494 39.452000000000 101.078000000000 -124.490000000000 fcc
495 114.589000000000 141.993000000000 -243.400000000000 fcc
496 134.231000000000 120.300000000000 -5.253000000000 fcc
497 -39.124000000000 79.569000000000 177.819000000000 fcc
498 6.415000000000 96.670000000000 -158.047000000000 fcc
499 114.239000000000 139.485000000000 -245.339000000000 fcc
500 106.110000000000 115.862000000000 6.234000000000 fcc
