# material=17-4PH; build dir at 45.0 deg to load axis x in x-y plane
# grain_id phi1 Phi phi2 (Bunge, deg) crystal
1 40.895 70.877 181.500 bcc
2 65.283 53.525 33.282 fcc
3 187.180 65.100 290.446 bcc
4 253.023 73.159 62.455 bcc
5 77.729 40.096 299.605 bcc
6 227.962 103.262 358.104 bcc
7 182.707 96.837 354.844 bcc
8 81.981 69.347 151.101 bcc
9 70.724 70.107 157.289 bcc
10 105.475 140.485 346.086 bcc
11 51.603 62.786 176.114 bcc
12 258.544 100.411 2.273 bcc
13 247.908 103.895 177.958 bcc
14 79.240 78.721 175.632 bcc
15 113.130 121.168 94.415 bcc
16 169.176 9.421 93.522 bcc
17 162.868 111.984 110.679 fcc
18 274.536 78.621 74.601 bcc
19 253.062 20.636 68.133 bcc
20 76.634 147.680 259.254 bcc
21 145.038 68.230 288.150 bcc
22 341.104 65.690 21.648 bcc
23 143.766 98.758 239.055 bcc
24 113.505 60.246 139.084 bcc
25 217.175 93.885 319.819 bcc
26 133.755 97.158 296.533 bcc
27 61.672 59.159 358.668 bcc
28 6.713 110.576 54.639 bcc
29 230.790 164.227 88.274 fcc
30 135.976 78.648 294.417 fcc
31 117.167 93.645 318.189 bcc
32 207.336 97.752 315.064 bcc
33 157.046 61.884 107.035 bcc
34 142.602 138.396 256.734 bcc
35 123.405 49.118 100.353 bcc
36 348.094 78.821 199.703 bcc
37 70.727 67.101 187.883 bcc
38 312.040 91.843 20.035 bcc
39 53.083 19.442 338.199 bcc
40 177.730 5.469 84.154 bcc
41 190.088 84.836 296.372 bcc
42 125.715 47.921 287.665 bcc
43 47.690 67.525 184.197 bcc
44 41.305 70.895 181.633 bcc
45 137.049 133.131 275.062 bcc
46 33.557 147.429 233.670 bcc
47 332.226 88.059 29.241 bcc
48 44.644 150.110 264.456 bcc
49 89.836 59.528 169.384 bcc
50 154.250 64.564 110.592 bcc
51 75.503 65.302 160.320 bcc
52 258.334 118.957 283.573 bcc
53 164.160 100.822 131.472 bcc
54 313.664 90.705 201.608 bcc
55 34.406 146.605 234.619 bcc
56 181.479 96.744 355.520 bcc
57 356.263 58.939 332.624 bcc
58 319.040 92.116 29.606 bcc
59 83.022 69.643 151.985 bcc
60 70.506 73.758 181.387 bcc
61 184.821 122.122 318.373 bcc
62 338.232 84.116 303.407 bcc
63 133.964 64.985 107.997 bcc
64 210.169 48.769 351.908 bcc
65 315.049 93.668 20.925 bcc
66 76.243 113.951 60.098 bcc
67 321.588 111.594 338.828 bcc
68 285.782 93.487 14.190 bcc
69 334.247 48.691 332.892 bcc
70 206.630 147.742 321.980 bcc
71 145.025 97.765 239.785 bcc
72 242.563 31.979 73.862 bcc
73 127.111 48.163 284.442 bcc
74 123.999 138.086 126.550 bcc
75 114.627 56.196 148.303 bcc
76 120.534 41.742 260.057 bcc
77 42.508 70.916 179.841 bcc
78 49.292 81.616 180.117 bcc
79 331.136 89.924 299.532 bcc
80 75.561 41.229 352.417 fcc
81 143.482 67.097 123.049 bcc
82 70.233 114.153 321.714 bcc
83 130.454 94.329 300.759 bcc
84 319.007 91.376 7.330 bcc
85 231.683 11.919 177.311 bcc
86 339.947 65.360 22.262 bcc
87 168.190 7.593 93.755 bcc
88 305.060 41.011 240.489 bcc
89 37.982 146.187 235.777 bcc
90 344.972 96.275 37.520 bcc
91 48.200 80.719 4.192 bcc
92 299.871 142.187 274.882 bcc
93 291.707 87.664 8.365 bcc
94 162.961 100.472 129.976 bcc
95 333.916 76.926 27.406 bcc
96 54.085 113.279 304.485 bcc
97 143.995 98.379 240.585 bcc
98 296.305 141.815 1.861 bcc
99 232.360 27.855 89.366 bcc
100 254.420 118.936 20.042 bcc
101 341.756 34.007 325.195 bcc
102 320.521 107.619 327.789 bcc
103 56.322 61.125 135.076 bcc
104 17.868 75.808 48.554 bcc
105 92.387 142.245 262.166 fcc
106 329.311 68.709 204.244 bcc
107 316.949 109.993 301.199 bcc
108 218.296 31.772 33.235 bcc
109 113.122 18.890 356.091 bcc
110 84.237 56.073 117.760 bcc
111 332.408 88.040 29.128 bcc
112 310.696 92.129 19.613 bcc
113 322.988 90.764 205.230 bcc
114 100.738 98.154 111.606 bcc
115 116.729 38.866 268.035 bcc
116 154.381 59.745 106.977 bcc
117 253.096 70.581 331.642 bcc
118 248.662 26.394 29.426 bcc
119 92.872 92.019 114.602 bcc
120 195.561 139.154 101.576 bcc
121 334.519 73.841 26.077 bcc
122 16.436 112.676 223.560 bcc
123 62.099 11.766 135.787 bcc
124 112.719 38.027 180.693 bcc
125 319.041 90.180 8.481 bcc
126 303.737 150.575 354.648 bcc
127 312.879 92.289 19.837 bcc
128 105.095 96.928 305.565 bcc
129 180.445 96.293 354.127 bcc
130 320.678 97.758 201.053 bcc
131 51.168 114.366 302.314 bcc
132 217.186 32.418 35.192 bcc
133 267.766 33.233 67.844 bcc
134 21.697 18.439 345.260 bcc
135 333.466 76.649 27.440 bcc
136 190.147 86.197 295.144 bcc
137 198.981 94.677 357.991 bcc
138 59.950 171.367 14.124 bcc
139 149.440 67.975 115.593 bcc
140 60.442 157.497 280.408 bcc
141 316.672 55.252 52.465 bcc
142 316.959 94.765 197.394 bcc
143 312.958 92.965 20.969 bcc
144 321.577 96.006 204.018 bcc
145 320.343 92.603 7.072 bcc
146 226.543 33.318 101.323 bcc
147 252.250 132.891 178.195 bcc
148 341.621 74.083 23.062 bcc
149 121.144 129.179 304.540 bcc
150 121.739 84.033 114.213 bcc
151 288.320 85.762 46.921 bcc
152 197.125 95.501 117.105 bcc
153 6.841 79.440 359.545 bcc
154 218.521 154.879 118.747 bcc
155 246.263 156.706 237.643 bcc
156 310.925 132.497 57.840 bcc
157 332.663 89.745 209.986 bcc
158 149.003 131.810 103.244 bcc
159 54.635 19.487 1.204 fcc
160 134.122 66.349 104.583 bcc
161 146.792 137.120 104.127 bcc
162 60.798 113.438 226.076 bcc
163 234.051 28.528 100.456 bcc
164 40.337 70.873 181.193 bcc
165 133.287 94.508 115.483 bcc
166 315.344 91.571 20.025 bcc
167 133.264 65.141 289.870 bcc
168 138.444 39.904 109.271 bcc
169 181.901 154.152 119.342 bcc
170 226.389 110.205 357.515 bcc
171 226.296 111.088 351.822 bcc
172 319.673 91.217 8.690 bcc
173 275.055 90.089 5.920 bcc
174 64.402 171.204 16.183 bcc
175 55.943 81.427 173.598 bcc
176 138.205 70.379 118.319 bcc
177 281.524 130.122 14.060 bcc
178 175.589 67.646 292.712 bcc
179 319.991 98.858 18.487 bcc
180 143.817 63.598 124.194 bcc
181 143.731 96.659 237.461 bcc
182 87.041 112.189 296.062 bcc
183 333.745 81.672 26.130 bcc
184 48.229 67.080 185.321 bcc
185 333.576 71.898 18.987 bcc
186 145.386 65.366 123.039 bcc
187 191.551 69.191 96.069 bcc
188 220.528 128.825 149.568 bcc
189 203.986 91.797 291.596 bcc
190 157.156 60.010 115.659 bcc
191 192.862 105.264 279.136 bcc
192 112.321 62.623 343.070 bcc
193 44.964 65.604 352.425 bcc
194 134.686 94.324 296.973 bcc
195 75.212 30.352 26.114 bcc
196 88.345 109.596 294.612 bcc
197 176.937 144.771 273.938 bcc
198 191.518 86.929 114.882 bcc
199 120.233 31.198 128.694 fcc
200 60.928 113.241 229.397 bcc
201 325.645 85.287 30.574 bcc
202 224.755 127.484 152.473 bcc
203 266.455 119.488 331.343 bcc
204 67.283 60.145 166.008 bcc
205 239.469 29.121 95.749 bcc
206 74.631 30.231 27.182 bcc
207 108.551 89.853 88.067 bcc
208 65.357 171.130 17.688 bcc
209 340.240 108.035 332.667 bcc
210 321.649 90.722 28.435 bcc
211 331.509 77.037 27.481 bcc
212 241.647 28.208 91.190 bcc
213 312.703 110.515 58.960 bcc
214 332.471 89.547 210.177 bcc
215 283.481 116.498 13.042 bcc
216 332.233 90.120 301.984 bcc
217 176.223 121.583 309.275 bcc
218 312.802 93.494 20.993 bcc
219 139.655 31.135 124.229 bcc
220 287.507 50.303 43.169 bcc
221 232.956 60.249 56.626 bcc
222 20.306 76.776 163.133 bcc
223 315.582 93.923 22.784 bcc
224 239.609 99.583 43.193 bcc
225 345.587 120.078 216.599 bcc
226 144.984 97.824 239.682 bcc
227 43.030 95.028 244.938 bcc
228 73.236 110.159 327.545 bcc
229 312.977 92.868 21.650 bcc
230 19.883 87.386 184.593 bcc
231 171.970 149.140 307.304 bcc
232 81.634 70.172 153.908 bcc
233 33.368 83.027 2.821 bcc
234 13.901 79.606 185.972 bcc
235 226.164 108.831 355.201 bcc
236 182.614 95.447 354.655 bcc
237 147.358 97.890 241.158 bcc
238 148.055 131.896 283.833 bcc
239 43.880 150.999 248.412 bcc
240 310.765 36.881 48.707 bcc
241 313.533 93.587 20.905 bcc
242 291.380 146.080 356.043 bcc
243 178.043 95.111 357.142 bcc
244 48.049 81.383 180.293 bcc
245 67.276 67.145 166.902 bcc
246 145.210 98.438 239.887 bcc
247 259.140 80.602 15.126 bcc
248 327.562 52.690 10.675 bcc
249 143.205 66.964 126.513 bcc
250 259.674 101.980 6.404 bcc
251 124.125 140.225 303.896 bcc
252 164.982 70.914 289.905 bcc
253 81.894 69.453 151.700 bcc
254 219.100 151.227 119.409 bcc
255 266.930 121.111 331.510 bcc
256 46.282 71.191 6.086 bcc
257 212.296 109.572 290.962 bcc
258 222.503 107.260 354.541 bcc
259 144.449 70.494 102.698 bcc
260 128.520 31.888 1.142 bcc
261 144.251 98.493 239.351 bcc
262 238.744 27.807 93.098 bcc
263 175.653 57.033 288.909 bcc
264 142.557 72.033 127.724 bcc
265 166.034 8.230 94.136 bcc
266 358.652 130.594 211.680 bcc
267 332.696 88.985 27.498 bcc
268 224.098 111.695 359.321 bcc
269 227.846 112.399 354.421 bcc
270 75.101 65.204 161.330 bcc
271 70.051 105.813 301.864 bcc
272 40.947 68.811 180.423 bcc
273 172.321 7.357 90.132 bcc
274 345.275 119.713 226.717 bcc
275 242.291 22.735 75.413 bcc
276 190.772 85.916 113.541 bcc
277 92.943 55.624 350.802 bcc
278 271.855 148.004 74.148 bcc
279 254.073 41.377 87.303 bcc
280 310.024 91.789 18.648 bcc
281 295.155 58.296 330.948 bcc
282 145.107 95.230 238.997 bcc
283 335.624 89.512 209.360 bcc
284 216.924 84.667 119.249 bcc
285 277.060 87.229 10.899 bcc
286 63.409 62.488 177.225 bcc
287 114.970 63.095 138.389 bcc
288 145.057 65.373 123.740 bcc
289 140.897 70.262 290.144 bcc
290 93.693 98.345 106.088 bcc
291 53.525 163.687 95.480 bcc
292 82.190 172.254 33.191 bcc
293 135.236 92.528 117.988 bcc
294 152.119 63.350 292.408 bcc
295 145.101 97.711 239.764 bcc
296 127.482 28.785 1.665 bcc
297 189.403 84.147 295.585 bcc
298 312.412 108.188 57.868 bcc
299 235.530 28.776 99.312 bcc
300 227.824 111.369 353.722 bcc
301 248.024 114.678 312.908 bcc
302 155.234 142.279 299.359 bcc
303 81.959 108.769 62.566 bcc
304 140.956 32.512 357.696 bcc
305 114.966 118.123 101.774 bcc
306 59.183 108.085 315.415 bcc
307 38.558 69.897 183.350 bcc
308 189.418 140.377 27.045 bcc
309 41.711 70.786 181.703 bcc
310 356.393 25.559 43.600 bcc
311 330.432 88.273 210.268 bcc
312 76.411 63.478 157.819 bcc
313 57.473 171.743 8.759 bcc
314 347.151 92.430 204.436 bcc
315 313.354 92.510 22.356 bcc
316 335.626 85.420 28.219 bcc
317 138.232 143.978 301.734 bcc
318 239.747 27.836 92.754 bcc
319 145.502 96.952 242.086 bcc
320 56.388 59.669 351.983 bcc
321 251.703 116.935 13.110 bcc
322 40.477 70.104 181.079 bcc
323 108.128 34.130 5.862 bcc
324 45.424 69.279 184.369 bcc
325 18.874 31.587 350.321 fcc
326 296.494 122.552 307.334 bcc
327 111.887 39.961 180.530 bcc
328 101.084 101.010 292.206 bcc
329 43.816 70.280 6.991 bcc
330 343.371 114.091 54.899 bcc
331 46.422 82.214 182.841 bcc
332 47.190 66.891 181.533 bcc
333 144.482 65.982 122.874 bcc
334 188.244 67.536 8.213 bcc
335 321.980 113.986 324.593 bcc
336 73.629 64.489 159.514 bcc
337 242.361 25.834 89.180 bcc
338 42.110 68.766 179.691 bcc
339 110.545 41.862 187.460 bcc
340 15.767 93.686 1.110 bcc
341 214.082 14.826 30.268 bcc
342 111.049 128.134 87.567 bcc
343 225.100 131.075 315.285 bcc
344 175.391 7.588 86.794 bcc
345 313.994 118.829 344.242 bcc
346 46.966 171.700 359.211 bcc
347 113.521 122.809 93.803 bcc
348 315.842 112.937 302.744 bcc
349 55.873 79.036 44.655 bcc
350 359.793 128.541 211.757 bcc
351 191.521 80.980 293.883 bcc
352 19.561 75.882 50.329 bcc
353 331.723 89.358 29.877 bcc
354 76.046 71.872 169.774 bcc
355 244.809 27.348 89.674 bcc
356 101.186 98.078 291.397 bcc
357 316.875 92.337 208.027 bcc
358 116.340 125.062 92.137 bcc
359 219.844 65.160 8.688 bcc
360 203.325 158.872 108.562 bcc
361 17.953 97.363 19.204 fcc
362 160.153 67.050 284.909 bcc
363 271.945 84.357 52.883 bcc
364 301.036 138.093 18.927 bcc
365 145.522 97.804 239.963 bcc
366 129.553 120.039 95.105 bcc
367 289.034 42.256 45.067 bcc
368 332.296 90.474 212.700 bcc
369 5.707 79.999 359.372 bcc
370 177.533 122.059 292.587 bcc
371 137.025 93.049 118.742 bcc
372 142.231 63.729 124.837 bcc
373 308.907 108.700 56.375 bcc
374 111.485 112.160 287.524 bcc
375 125.836 37.908 171.732 bcc
376 196.024 96.639 85.692 bcc
377 41.866 72.349 183.295 bcc
378 333.705 89.809 209.054 bcc
379 18.776 78.126 181.456 bcc
380 80.724 68.939 151.128 bcc
381 179.054 6.973 83.329 bcc
382 41.117 68.388 182.312 bcc
383 45.561 71.650 6.790 bcc
384 69.240 66.900 188.978 bcc
385 346.653 121.326 45.912 bcc
386 146.102 78.674 293.009 bcc
387 123.350 140.778 302.622 bcc
388 138.721 84.262 85.565 bcc
389 154.292 67.914 285.846 bcc
390 330.789 87.872 209.616 bcc
391 167.544 9.038 95.060 bcc
392 331.518 88.605 300.577 bcc
393 145.539 99.450 240.144 bcc
394 61.894 60.015 358.857 bcc
395 40.484 52.023 122.598 bcc
396 315.177 93.033 22.880 bcc
397 129.394 137.152 107.208 bcc
398 87.613 112.908 296.030 bcc
399 74.919 50.809 179.618 bcc
400 46.961 68.247 181.886 bcc
401 42.045 69.459 183.119 bcc
402 190.421 83.395 296.233 bcc
403 219.049 112.776 6.311 bcc
404 202.818 90.015 294.858 bcc
405 311.476 91.346 21.398 bcc
406 260.415 89.145 19.700 bcc
407 318.639 89.533 8.740 bcc
408 14.554 92.439 69.304 bcc
409 41.156 70.841 181.665 bcc
410 84.165 60.754 115.240 bcc
411 100.710 63.637 166.989 bcc
412 19.619 165.031 232.218 bcc
413 7.272 120.600 237.539 bcc
414 188.601 69.870 10.403 bcc
415 122.838 30.274 355.377 bcc
416 145.634 64.251 124.507 bcc
417 199.166 144.203 183.591 bcc
418 236.267 27.818 97.809 bcc
419 48.158 68.291 182.454 bcc
420 51.247 162.398 92.399 bcc
421 5.578 169.277 306.684 bcc
422 132.890 95.275 296.834 bcc
423 125.917 47.882 130.908 bcc
424 259.281 124.034 332.068 bcc
425 4.436 58.841 40.072 bcc
426 338.165 81.607 34.702 bcc
427 148.685 161.270 270.260 bcc
428 93.158 95.702 108.602 bcc
429 26.353 20.933 334.594 bcc
430 314.367 46.584 233.500 bcc
431 79.182 107.660 60.388 bcc
432 232.524 136.776 310.931 bcc
433 174.308 9.405 358.219 bcc
434 141.691 65.309 123.286 bcc
435 145.045 97.709 239.330 bcc
436 201.678 83.475 123.827 bcc
437 315.464 93.782 21.134 bcc
438 181.150 96.385 354.995 bcc
439 17.326 77.454 50.102 bcc
440 42.273 73.046 181.382 bcc
441 240.173 30.619 91.036 bcc
442 347.698 139.150 221.055 bcc
443 145.000 96.014 241.264 bcc
444 243.310 121.178 2.812 bcc
445 74.190 90.629 72.120 bcc
446 118.304 126.455 94.922 bcc
447 44.032 160.928 274.500 bcc
448 329.193 114.523 329.464 bcc
449 220.809 101.806 21.702 bcc
450 191.084 85.271 296.750 bcc
451 132.493 75.871 114.531 fcc
452 154.241 60.565 292.042 bcc
453 167.972 75.168 282.118 bcc
454 247.666 157.550 239.357 bcc
455 145.620 131.974 100.979 bcc
456 332.587 87.933 29.188 bcc
457 226.131 110.156 354.503 bcc
458 143.816 73.096 125.615 bcc
459 313.780 92.770 20.255 bcc
460 46.138 80.362 188.743 bcc
461 132.735 94.936 296.952 bcc
462 69.916 31.576 30.410 bcc
463 127.556 50.261 103.651 bcc
464 129.922 67.785 286.757 bcc
465 144.297 29.795 111.889 bcc
466 189.412 84.913 295.307 bcc
467 230.727 109.004 10.883 bcc
468 158.094 65.984 286.904 bcc
469 145.082 98.391 242.048 bcc
470 284.185 145.695 354.063 bcc
471 42.516 71.420 180.325 bcc
472 56.382 148.884 89.283 bcc
473 247.615 120.308 5.097 bcc
474 21.635 90.857 52.133 bcc
475 21.762 108.956 53.460 bcc
476 328.243 78.872 45.382 bcc
477 56.554 82.572 8.751 bcc
478 63.299 66.687 139.942 bcc
479 82.385 69.832 150.596 bcc
480 279.260 91.250 10.945 bcc
481 240.479 27.906 91.283 bcc
482 238.941 103.726 9.671 bcc
483 339.564 83.086 34.705 bcc
484 144.885 97.564 239.643 bcc
485 122.420 38.003 296.369 bcc
486 312.016 92.293 19.685 bcc
487 71.255 107.257 300.587 bcc
488 120.761 128.156 306.758 bcc
489 342.746 114.646 54.607 bcc
490 332.250 89.670 208.299 bcc
491 32.798 73.293 156.988 bcc
492 277.482 89.114 11.862 bcc
493 312.685 111.307 55.706 bcc
494 330.429 90.959 32.529 bcc
495 101.658 30.060 280.949 bcc
496 321.116 83.732 210.137 bcc
497 89.894 43.443 27.031 bcc
498 52.308 150.361 260.103 bcc
499 208.479 156.156 109.764 bcc
500 331.263 90.309 300.555 bcc
