# material=17-4PH; build dir at 90.0 deg to load axis x in x-y plane
# grain_id phi1 Phi phi2 (Bunge, deg) crystal
1 165.031 37.773 353.797 bcc
2 54.158 95.806 243.937 bcc
3 62.313 99.068 59.992 bcc
4 180.079 144.075 274.805 bcc
5 75.824 109.956 82.492 bcc
6 91.849 81.004 183.265 bcc
7 14.630 45.068 345.362 bcc
8 274.633 98.941 357.467 bcc
9 227.989 107.444 294.290 bcc
10 160.643 135.816 299.599 bcc
11 19.214 116.176 340.432 bcc
12 31.861 123.159 207.006 fcc
13 286.171 29.214 1.429 bcc
14 351.628 133.559 317.474 bcc
15 317.264 95.641 4.163 bcc
16 164.013 95.113 318.498 bcc
17 35.392 29.859 7.999 bcc
18 301.522 114.497 173.268 bcc
19 0.109 95.612 18.766 bcc
20 87.708 72.278 7.004 bcc
21 156.497 131.345 349.104 bcc
22 211.612 7.984 95.955 bcc
23 174.174 46.766 129.407 bcc
24 18.309 89.928 27.808 bcc
25 172.499 49.177 120.816 bcc
26 355.905 92.518 20.457 bcc
27 67.113 165.763 15.825 bcc
28 9.461 156.300 305.581 bcc
29 179.136 93.840 297.292 bcc
30 106.277 58.686 0.210 bcc
31 43.724 45.258 42.899 bcc
32 17.597 88.176 29.219 bcc
33 157.903 50.827 121.406 bcc
34 190.162 23.114 323.266 bcc
35 180.455 142.980 273.007 bcc
36 223.664 56.714 129.961 bcc
37 8.743 163.402 42.372 bcc
38 243.686 79.300 124.519 bcc
39 339.439 56.676 62.753 bcc
40 18.269 88.585 209.904 bcc
41 64.803 99.258 61.995 bcc
42 180.005 36.682 123.612 bcc
43 289.044 137.881 319.048 bcc
44 200.263 61.510 113.098 bcc
45 174.098 36.364 356.097 bcc
46 18.982 47.674 337.655 bcc
47 183.882 95.149 296.316 bcc
48 259.733 86.847 119.215 bcc
49 116.916 106.619 301.386 bcc
50 355.366 90.347 19.002 bcc
51 191.706 59.457 122.190 bcc
52 189.863 98.511 238.221 bcc
53 78.332 169.589 212.200 bcc
54 94.943 165.071 258.195 bcc
55 190.179 22.318 322.024 bcc
56 11.720 82.457 38.191 bcc
57 194.450 65.320 124.076 bcc
58 356.974 43.641 324.885 bcc
59 57.590 99.132 64.603 bcc
60 271.397 96.038 357.499 bcc
61 314.381 33.868 65.443 bcc
62 262.524 32.190 34.458 bcc
63 113.261 170.000 18.113 bcc
64 85.312 72.942 182.675 bcc
65 249.589 92.377 293.000 bcc
66 194.747 132.884 284.198 bcc
67 257.408 117.571 335.644 bcc
68 206.557 60.513 327.036 bcc
69 7.473 80.976 28.290 bcc
70 116.943 172.511 24.416 bcc
71 38.529 112.651 352.973 bcc
72 140.130 94.946 345.175 bcc
73 31.280 117.533 216.017 bcc
74 145.969 108.169 104.007 bcc
75 21.906 87.533 7.345 bcc
76 201.189 64.706 285.753 bcc
77 226.873 96.562 355.153 bcc
78 146.436 47.651 128.565 bcc
79 62.190 125.920 225.863 bcc
80 223.199 6.571 85.760 bcc
81 98.600 171.637 345.947 bcc
82 9.897 85.452 213.236 bcc
83 282.070 21.293 22.132 bcc
84 192.810 116.091 102.957 bcc
85 248.880 50.253 354.628 bcc
86 325.981 86.091 10.591 bcc
87 98.261 17.595 339.795 bcc
88 193.389 62.419 117.548 bcc
89 78.878 145.544 233.293 bcc
90 55.173 50.457 20.739 bcc
91 105.742 87.225 202.268 bcc
92 78.706 145.829 234.306 bcc
93 339.055 87.075 13.685 bcc
94 252.869 92.309 300.142 bcc
95 237.301 74.033 295.918 bcc
96 131.156 57.879 112.880 bcc
97 126.126 70.572 154.222 bcc
98 139.483 84.222 121.336 bcc
99 73.432 154.728 347.103 bcc
100 9.500 113.411 326.200 bcc
101 358.911 38.090 53.764 bcc
102 63.743 87.575 185.656 bcc
103 357.424 91.216 21.100 bcc
104 15.558 89.115 302.165 bcc
105 166.453 111.583 316.316 bcc
106 262.484 33.182 33.670 bcc
107 105.431 148.828 263.959 bcc
108 238.747 104.016 282.663 bcc
109 357.428 91.434 22.779 bcc
110 95.017 163.654 93.101 bcc
111 195.221 131.484 102.477 bcc
112 337.512 88.894 10.376 bcc
113 189.346 135.476 281.374 bcc
114 261.444 94.582 306.092 bcc
115 9.593 81.351 28.560 bcc
116 9.178 83.933 31.549 bcc
117 91.328 77.333 2.471 bcc
118 116.332 65.937 164.047 bcc
119 270.647 31.426 100.775 bcc
120 167.953 137.185 87.591 bcc
121 201.206 67.620 287.746 bcc
122 64.606 75.641 46.156 bcc
123 18.845 48.154 334.751 bcc
124 257.424 116.487 336.667 bcc
125 167.525 30.027 127.084 fcc
126 0.403 95.604 208.642 bcc
127 347.421 97.778 38.954 bcc
128 141.357 109.320 8.336 bcc
129 24.112 118.395 320.245 bcc
130 67.442 14.444 73.811 bcc
131 41.744 59.382 157.615 bcc
132 358.165 91.797 19.189 bcc
133 100.011 18.678 335.340 bcc
134 19.890 119.814 333.358 bcc
135 229.709 69.387 7.614 bcc
136 139.043 84.480 119.270 bcc
137 217.776 7.416 89.706 bcc
138 243.131 88.960 299.661 bcc
139 4.472 45.585 322.125 bcc
140 318.912 96.629 182.725 bcc
141 219.841 8.076 86.899 bcc
142 356.690 89.541 213.921 bcc
143 107.387 58.187 359.115 bcc
144 87.458 71.027 179.034 bcc
145 187.659 90.347 80.020 bcc
146 272.330 107.836 356.061 bcc
147 191.760 50.974 123.403 bcc
148 96.751 81.328 181.159 bcc
149 7.642 84.023 210.217 bcc
150 1.523 81.103 20.104 bcc
151 92.117 80.445 183.363 bcc
152 126.987 88.267 352.605 bcc
153 42.760 65.330 156.461 bcc
154 4.964 92.857 10.317 bcc
155 266.016 105.597 355.538 bcc
156 6.189 93.708 203.183 bcc
157 176.926 121.613 94.070 bcc
158 188.914 78.485 294.852 bcc
159 100.276 96.881 206.081 bcc
160 30.685 123.479 225.383 bcc
161 284.628 27.163 93.447 bcc
162 190.612 68.733 286.384 bcc
163 227.117 96.572 355.009 bcc
164 299.763 113.482 354.567 bcc
165 214.563 93.828 271.528 bcc
166 330.695 82.228 330.833 bcc
167 25.400 61.939 23.682 bcc
168 246.614 155.414 12.484 bcc
169 329.621 91.876 13.383 bcc
170 246.385 84.896 16.029 bcc
171 4.760 107.249 337.803 bcc
172 114.496 67.044 162.351 bcc
173 43.308 85.742 181.698 bcc
174 65.047 76.738 47.677 bcc
175 195.160 135.269 283.397 bcc
176 140.105 83.561 352.115 bcc
177 51.839 114.260 216.916 bcc
178 357.576 85.179 244.553 bcc
179 164.720 138.697 262.995 bcc
180 16.149 87.491 29.119 bcc
181 313.292 107.813 16.966 bcc
182 124.336 109.042 63.494 bcc
183 338.108 57.828 63.235 bcc
184 282.704 29.796 94.181 bcc
185 234.556 85.534 115.423 bcc
186 295.227 110.718 351.685 bcc
187 137.715 55.265 350.494 bcc
188 41.218 81.846 34.954 bcc
189 233.917 75.675 6.067 bcc
190 285.273 27.986 90.660 bcc
191 199.380 63.060 287.916 bcc
192 296.654 114.938 285.748 bcc
193 205.348 7.602 102.171 bcc
194 104.635 61.824 169.949 bcc
195 351.586 41.289 239.530 bcc
196 226.036 96.127 353.982 bcc
197 350.811 46.328 321.740 bcc
198 18.374 83.398 27.535 bcc
199 59.947 67.368 193.321 bcc
200 67.639 101.366 238.778 bcc
201 107.990 100.637 298.748 bcc
202 152.072 38.717 183.296 bcc
203 271.356 109.041 355.383 bcc
204 143.880 99.440 291.760 bcc
205 74.710 81.220 7.214 bcc
206 20.300 50.146 331.285 bcc
207 225.855 5.807 81.894 bcc
208 304.164 87.657 17.882 bcc
209 298.646 64.583 335.028 bcc
210 71.371 110.176 80.949 bcc
211 88.717 114.480 223.681 bcc
212 109.258 105.457 293.389 bcc
213 247.343 103.963 290.255 bcc
214 171.783 50.944 129.641 bcc
215 301.260 137.392 320.320 fcc
216 159.162 39.095 358.395 bcc
217 225.731 95.973 355.220 bcc
218 355.131 39.857 53.696 bcc
219 267.552 31.997 105.439 bcc
220 16.417 90.337 299.912 bcc
221 25.833 49.494 326.743 bcc
222 189.727 63.782 124.556 bcc
223 89.296 165.178 250.797 bcc
224 45.318 35.975 40.170 bcc
225 254.642 8.869 61.148 bcc
226 237.955 14.986 97.687 bcc
227 109.996 109.429 247.279 fcc
228 219.492 7.966 87.648 bcc
229 165.266 50.985 84.228 bcc
230 321.757 85.785 13.139 bcc
231 286.278 118.358 0.753 bcc
232 39.840 58.263 335.206 bcc
233 176.048 142.485 271.704 bcc
234 7.199 91.253 9.228 bcc
235 229.666 59.966 83.019 bcc
236 195.648 59.856 292.104 bcc
237 95.356 70.864 172.081 bcc
238 232.021 61.762 81.502 bcc
239 255.963 96.385 301.181 bcc
240 88.838 64.750 354.247 bcc
241 326.276 54.368 322.675 bcc
242 271.222 6.740 27.956 bcc
243 156.815 118.826 302.799 bcc
244 100.162 163.336 96.965 bcc
245 236.503 77.144 294.112 bcc
246 270.987 110.581 353.996 bcc
247 284.705 27.772 92.638 bcc
248 6.796 117.823 327.105 bcc
249 269.166 108.593 354.219 bcc
250 189.778 99.169 239.153 bcc
251 50.090 110.175 347.671 bcc
252 344.990 68.123 44.940 bcc
253 348.655 131.618 318.974 bcc
254 235.436 85.910 293.953 bcc
255 90.544 67.004 183.174 bcc
256 275.675 103.274 358.344 bcc
257 64.203 86.942 185.530 bcc
258 271.836 112.513 352.129 bcc
259 285.827 29.201 89.832 bcc
260 326.506 112.918 13.961 bcc
261 192.927 66.315 299.290 bcc
262 295.910 114.206 12.756 bcc
263 108.485 81.601 171.086 bcc
264 292.247 121.077 5.200 bcc
265 337.642 158.561 86.166 bcc
266 179.967 93.295 295.927 bcc
267 107.084 61.225 358.598 bcc
268 105.057 41.975 134.824 bcc
269 233.133 82.941 296.179 bcc
270 357.684 93.152 15.608 bcc
271 274.310 23.994 89.732 bcc
272 343.123 34.593 325.673 bcc
273 173.430 48.496 283.781 bcc
274 146.517 97.267 292.468 bcc
275 191.386 98.928 238.397 bcc
276 119.420 110.834 327.654 bcc
277 27.343 73.037 335.682 fcc
278 89.523 93.098 227.738 bcc
279 191.070 98.374 238.533 bcc
280 279.581 173.224 140.620 bcc
281 154.475 111.857 288.028 bcc
282 218.971 57.593 308.036 bcc
283 247.134 84.346 16.101 bcc
284 19.634 88.500 30.005 bcc
285 83.900 71.567 182.158 bcc
286 172.684 45.439 299.548 bcc
287 236.741 88.517 116.293 bcc
288 110.201 156.208 20.892 bcc
289 354.668 92.994 19.970 bcc
290 226.566 125.260 319.495 bcc
291 174.779 44.708 130.515 bcc
292 174.415 82.364 295.468 fcc
293 159.293 111.228 89.196 bcc
294 199.012 62.517 286.544 bcc
295 51.197 48.562 328.147 bcc
296 92.470 67.280 183.914 bcc
297 63.822 98.511 45.949 bcc
298 4.636 51.544 237.271 bcc
299 19.108 47.376 334.592 bcc
300 113.004 142.249 74.259 bcc
301 166.528 53.777 232.485 bcc
302 230.381 69.846 283.138 bcc
303 357.536 92.397 21.177 bcc
304 294.395 119.432 4.726 bcc
305 151.225 108.905 94.487 bcc
306 242.453 99.152 310.196 bcc
307 238.589 87.311 84.855 bcc
308 222.074 61.761 307.656 bcc
309 14.836 82.756 31.204 bcc
310 166.139 37.740 294.513 bcc
311 81.669 153.658 219.577 bcc
312 114.626 55.744 174.255 bcc
313 95.169 67.216 180.822 bcc
314 189.104 143.872 289.807 bcc
315 142.840 110.038 10.387 bcc
316 340.920 134.613 72.615 bcc
317 71.552 86.672 50.383 bcc
318 232.578 66.925 21.995 bcc
319 123.395 142.357 352.987 bcc
320 176.892 94.624 295.322 bcc
321 32.778 121.411 50.599 bcc
322 296.338 72.829 327.912 bcc
323 169.084 66.480 120.588 bcc
324 288.460 28.153 88.286 bcc
325 255.896 109.935 289.646 bcc
326 59.273 165.777 185.572 bcc
327 158.105 31.962 358.239 bcc
328 347.746 95.175 5.905 bcc
329 3.137 92.094 203.726 bcc
330 6.039 90.182 8.524 bcc
331 85.944 69.576 181.588 bcc
332 357.964 92.933 15.775 bcc
333 11.323 81.075 44.883 bcc
334 234.718 85.239 296.873 bcc
335 291.764 119.284 3.998 bcc
336 241.420 134.577 104.620 bcc
337 34.220 52.679 332.939 bcc
338 22.551 115.715 210.622 bcc
339 297.635 117.762 320.960 bcc
340 248.640 88.495 127.434 bcc
341 88.440 69.751 180.598 bcc
342 193.276 130.738 281.566 bcc
343 144.747 93.246 100.593 bcc
344 165.031 138.828 261.939 bcc
345 262.634 31.742 33.622 bcc
346 84.392 71.715 181.434 bcc
347 190.061 137.512 102.507 bcc
348 19.754 73.788 26.134 bcc
349 82.958 23.806 331.905 bcc
350 17.644 69.437 20.235 bcc
351 1.910 93.919 203.103 bcc
352 328.840 150.185 261.178 bcc
353 92.423 68.422 183.794 bcc
354 254.544 91.790 299.455 bcc
355 215.751 7.101 91.756 bcc
356 162.973 99.214 297.060 bcc
357 341.269 106.531 250.431 bcc
358 324.939 113.917 13.538 bcc
359 282.269 30.282 98.863 bcc
360 42.337 50.924 56.344 bcc
361 146.677 94.131 111.813 bcc
362 193.244 65.996 119.114 bcc
363 358.605 92.910 21.111 bcc
364 287.335 118.903 2.266 bcc
365 16.503 96.282 191.735 bcc
366 55.379 115.896 355.285 bcc
367 340.838 88.301 10.230 bcc
368 156.853 29.096 314.510 fcc
369 59.549 155.988 215.141 bcc
370 19.516 88.814 29.622 bcc
371 24.261 117.184 51.004 bcc
372 265.687 12.343 25.582 bcc
373 55.061 131.246 62.744 bcc
374 6.274 44.931 14.774 bcc
375 287.306 25.831 89.530 bcc
376 166.237 49.624 84.704 bcc
377 163.426 51.448 115.474 bcc
378 338.264 86.758 10.724 bcc
379 109.297 171.226 16.261 bcc
380 320.499 81.755 70.584 bcc
381 269.807 31.041 104.793 bcc
382 346.731 96.858 219.497 bcc
383 24.679 117.948 47.929 bcc
384 2.701 95.455 18.740 bcc
385 252.937 92.077 295.165 bcc
386 227.948 96.168 354.077 bcc
387 351.213 41.262 49.149 bcc
388 21.815 69.025 207.892 bcc
389 268.736 14.155 23.678 bcc
390 188.858 98.757 240.185 bcc
391 326.178 57.432 53.044 bcc
392 27.602 124.652 223.333 bcc
393 105.711 61.296 0.027 bcc
394 236.185 104.146 279.780 bcc
395 16.727 88.825 209.299 bcc
396 189.183 68.325 107.514 bcc
397 328.998 96.667 15.017 bcc
398 342.847 142.879 4.045 bcc
399 250.074 155.988 105.500 bcc
400 61.786 67.396 341.584 bcc
401 293.114 99.385 0.866 bcc
402 227.423 98.268 353.376 bcc
403 190.052 97.925 239.911 bcc
404 226.537 69.190 278.988 bcc
405 108.986 171.049 15.742 bcc
406 190.125 97.761 239.863 bcc
407 31.159 95.908 39.591 bcc
408 52.459 61.221 39.566 bcc
409 283.957 28.157 93.458 bcc
410 190.497 130.692 283.354 bcc
411 2.323 95.559 20.021 bcc
412 146.537 99.828 111.783 bcc
413 2.890 148.544 323.907 bcc
414 173.936 45.226 258.074 bcc
415 173.209 118.140 95.763 bcc
416 214.610 57.750 307.779 bcc
417 281.399 31.583 11.220 bcc
418 126.943 70.257 153.467 bcc
419 356.340 92.724 16.428 bcc
420 304.965 89.222 16.327 bcc
421 75.541 165.617 17.777 bcc
422 161.041 125.875 92.965 bcc
423 264.845 67.094 5.764 bcc
424 297.839 74.292 58.988 bcc
425 4.513 91.144 8.587 bcc
426 4.770 91.062 8.660 bcc
427 201.621 67.801 287.693 bcc
428 202.069 67.482 287.437 bcc
429 154.582 120.318 303.496 bcc
430 27.676 5.397 298.317 bcc
431 248.085 13.335 89.219 bcc
432 139.471 138.762 286.121 bcc
433 65.081 173.625 306.769 bcc
434 266.912 13.352 23.141 bcc
435 196.538 93.975 322.050 bcc
436 359.213 93.931 19.771 bcc
437 111.267 105.638 314.404 bcc
438 328.052 85.250 10.848 bcc
439 7.118 84.397 210.602 bcc
440 89.467 71.108 7.297 bcc
441 53.942 79.138 0.254 bcc
442 254.701 93.945 298.449 bcc
443 16.920 89.718 28.904 bcc
444 359.990 94.008 203.608 bcc
445 177.777 49.113 100.396 bcc
446 227.167 118.479 68.734 bcc
447 132.628 150.665 353.539 bcc
448 294.095 117.186 4.923 bcc
449 158.545 112.162 248.460 bcc
450 234.910 85.247 115.044 bcc
451 54.793 112.192 52.584 bcc
452 2.438 91.752 7.463 bcc
453 0.474 93.942 20.199 bcc
454 13.982 85.274 32.233 bcc
455 289.640 26.984 87.153 bcc
456 23.688 73.973 27.399 bcc
457 127.531 107.871 64.517 bcc
458 5.640 91.415 8.698 bcc
459 236.784 76.865 292.179 bcc
460 225.331 103.086 101.204 bcc
461 184.750 144.123 285.934 bcc
462 271.816 110.302 354.078 bcc
463 26.756 49.119 326.683 bcc
464 63.400 88.087 185.169 bcc
465 106.630 60.941 358.646 bcc
466 140.700 58.149 260.867 bcc
467 122.679 29.677 24.401 bcc
468 224.195 6.459 85.035 bcc
469 155.801 116.011 289.777 bcc
470 25.829 65.347 22.110 bcc
471 174.424 121.957 92.671 bcc
472 192.899 113.567 115.364 bcc
473 12.541 83.327 30.127 bcc
474 179.092 92.591 111.717 bcc
475 319.469 22.320 68.544 bcc
476 173.160 23.786 346.219 bcc
477 273.294 6.751 26.376 bcc
478 263.843 8.593 50.955 bcc
479 265.856 111.477 338.928 bcc
480 17.643 88.345 29.389 bcc
481 286.433 27.157 90.993 bcc
482 182.557 33.392 125.539 bcc
483 358.613 132.263 60.201 bcc
484 239.032 73.408 295.639 bcc
485 168.640 158.394 107.147 fcc
486 191.778 98.772 238.718 bcc
487 143.711 92.706 105.019 bcc
488 324.974 83.087 70.560 bcc
489 119.765 64.063 161.040 bcc
490 286.361 29.250 91.259 bcc
491 55.122 112.098 233.004 bcc
492 174.279 46.925 310.044 bcc
493 235.977 85.008 296.090 bcc
494 202.735 8.268 104.998 bcc
495 24.449 64.992 21.500 bcc
496 19.743 49.300 334.330 bcc
497 234.237 87.483 115.649 bcc
498 189.168 95.737 240.936 bcc
499 224.442 8.837 83.588 bcc
500 107.121 59.328 348.725 bcc
