# material=316L; build dir at 90.0 deg to load axis x in x-y plane
# grain_id phi1 Phi phi2 (Bunge, deg) crystal
1 157.683 92.068 181.932 fcc
2 129.020 102.212 233.456 fcc
3 94.617 99.188 200.453 fcc
4 129.514 100.841 235.470 fcc
5 318.087 132.094 302.758 fcc
6 135.820 96.047 233.797 fcc
7 318.116 132.831 304.495 fcc
8 217.786 24.895 333.915 fcc
9 332.332 87.197 22.125 fcc
10 94.897 99.145 201.410 fcc
11 67.175 76.051 269.956 fcc
12 356.438 114.897 321.442 fcc
13 133.189 96.946 233.016 fcc
14 130.633 99.520 236.965 fcc
15 207.393 124.886 307.494 fcc
16 284.659 77.783 64.430 fcc
17 355.586 112.794 318.307 fcc
18 316.967 133.546 303.523 fcc
19 330.506 91.104 280.085 fcc
20 155.034 147.480 215.246 fcc
21 115.864 75.523 222.284 fcc
22 204.909 141.030 114.387 fcc
23 150.424 148.808 209.793 fcc
24 331.851 90.144 279.051 fcc
25 94.788 98.960 201.130 fcc
26 140.603 89.236 192.865 fcc
27 355.677 113.879 318.612 fcc
28 355.515 113.611 318.918 fcc
29 49.370 79.648 176.415 fcc
30 316.986 132.482 301.667 fcc
31 203.929 140.287 113.333 fcc
32 331.591 90.714 279.959 fcc
33 342.094 110.946 313.712 fcc
34 202.861 139.399 115.027 fcc
35 143.550 58.998 214.259 fcc
36 129.386 101.318 234.437 fcc
37 196.025 115.844 6.528 fcc
38 51.339 80.136 175.679 fcc
39 129.322 100.102 235.343 fcc
40 94.811 98.725 200.967 fcc
41 22.492 167.300 328.337 fcc
42 135.049 96.434 236.290 fcc
43 319.388 133.295 304.766 fcc
44 317.227 133.270 303.762 fcc
45 93.744 97.923 199.230 fcc
46 129.490 100.082 235.949 fcc
47 197.583 118.280 6.277 fcc
48 357.482 113.906 319.231 fcc
49 314.413 134.929 301.223 fcc
50 310.647 82.287 26.817 fcc
51 178.322 133.998 207.344 fcc
52 103.472 105.217 216.995 fcc
53 314.616 133.554 302.974 fcc
