# material=17-4PH; build dir at 0.0 deg to load axis x in x-y plane
# grain_id phi1 Phi phi2 (Bunge, deg) crystal
1 101.968 127.650 302.691 bcc
2 267.682 92.075 19.566 bcc
3 355.405 69.484 183.768 bcc
4 142.967 6.886 76.695 bcc
5 127.096 149.855 304.127 bcc
6 99.319 50.238 124.503 bcc
7 198.285 118.999 2.131 bcc
8 134.711 7.938 83.092 bcc
9 179.830 31.253 104.505 bcc
10 135.410 115.642 291.369 bcc
11 105.630 109.006 64.563 bcc
12 181.535 109.702 351.876 bcc
13 260.147 130.256 317.925 bcc
14 353.274 170.991 290.464 bcc
15 55.434 98.203 291.700 bcc
16 286.741 89.629 302.046 bcc
17 122.257 58.559 311.671 bcc
18 2.897 161.013 277.939 bcc
19 291.250 69.103 28.065 bcc
20 279.262 81.950 29.556 bcc
21 327.561 108.083 63.374 bcc
22 49.221 71.107 252.851 bcc
23 10.200 64.601 171.934 bcc
24 290.769 72.084 26.915 bcc
25 177.725 110.531 359.551 bcc
26 197.022 20.100 74.617 bcc
27 98.842 100.033 239.990 bcc
28 87.922 65.195 109.705 bcc
29 96.562 71.287 108.008 bcc
30 275.074 91.315 8.485 bcc
31 87.921 93.659 297.572 bcc
32 132.384 122.071 309.565 bcc
33 11.462 65.591 167.023 bcc
34 320.616 60.666 42.209 bcc
35 247.807 144.369 357.048 bcc
36 194.172 27.803 92.767 bcc
37 217.422 89.505 12.466 bcc
38 224.460 91.320 10.982 bcc
39 71.758 49.185 135.520 bcc
40 206.119 64.803 336.821 bcc
41 92.835 134.575 256.184 bcc
42 103.531 113.255 113.060 bcc
43 340.235 93.772 57.233 bcc
44 332.339 77.511 51.214 bcc
45 1.849 102.368 56.620 bcc
46 102.749 25.570 320.893 bcc
47 154.402 104.557 287.681 bcc
48 136.925 121.766 316.591 bcc
49 105.047 146.795 289.383 bcc
50 305.515 97.639 36.480 bcc
51 180.375 85.448 24.210 bcc
52 111.957 69.532 284.983 bcc
53 330.178 113.333 42.795 bcc
54 135.456 126.228 304.223 bcc
55 270.746 93.304 21.783 bcc
56 14.762 41.623 136.643 bcc
57 205.813 114.357 16.611 bcc
58 191.775 32.535 103.356 bcc
59 274.529 91.103 8.793 bcc
60 274.346 90.283 9.990 bcc
61 296.426 65.714 21.825 bcc
62 157.239 143.539 322.660 bcc
63 191.732 16.780 77.279 bcc
64 182.348 108.761 356.898 bcc
65 45.870 62.285 167.482 bcc
66 157.818 103.334 292.377 bcc
67 333.203 159.096 236.587 bcc
68 292.897 93.899 36.608 bcc
69 50.249 31.802 288.187 bcc
70 145.010 59.797 5.316 bcc
71 293.704 64.859 22.583 bcc
72 98.341 130.834 279.296 bcc
73 247.045 131.307 58.371 bcc
74 97.613 63.412 123.686 bcc
75 98.121 97.059 239.240 bcc
76 14.377 152.647 279.595 bcc
77 197.356 101.413 316.076 bcc
78 356.318 72.874 182.244 bcc
79 144.177 85.034 295.175 bcc
80 37.212 80.437 308.543 fcc
81 143.302 78.529 294.275 bcc
82 232.177 89.212 8.792 bcc
83 206.778 115.138 12.751 bcc
84 274.864 91.773 23.514 bcc
85 17.261 112.240 317.715 bcc
86 29.378 41.153 34.997 bcc
87 0.634 113.095 44.730 bcc
88 288.198 87.600 30.359 bcc
89 150.763 84.231 0.571 bcc
90 56.744 98.303 112.268 bcc
91 50.648 30.369 285.588 bcc
92 139.050 67.081 359.016 bcc
93 183.822 101.285 359.267 bcc
94 30.074 65.007 160.940 bcc
95 23.624 157.405 19.168 bcc
96 89.042 149.659 345.184 bcc
97 286.861 150.071 319.786 bcc
98 223.390 104.545 19.506 bcc
99 181.450 110.128 354.737 bcc
100 268.535 90.543 22.248 bcc
101 193.315 99.506 9.930 bcc
102 262.414 134.839 318.328 bcc
103 144.129 91.084 301.204 bcc
104 290.105 73.162 26.864 bcc
105 25.599 64.708 165.322 bcc
106 145.569 60.957 3.428 bcc
107 87.733 95.094 297.477 bcc
108 91.546 32.683 340.999 bcc
109 264.943 54.368 319.287 bcc
110 135.636 125.234 307.842 bcc
111 245.573 42.479 44.879 bcc
112 327.732 112.097 36.045 bcc
113 2.813 67.434 183.100 bcc
114 1.203 67.185 184.205 bcc
115 289.312 113.010 318.404 bcc
116 236.635 84.810 67.305 bcc
117 123.154 6.351 92.173 bcc
118 288.415 89.257 206.674 bcc
119 90.675 68.035 290.589 bcc
120 171.958 32.068 34.431 bcc
121 17.095 62.906 176.932 bcc
122 339.334 79.981 178.173 bcc
123 191.064 129.334 43.320 bcc
124 136.327 96.463 355.511 bcc
125 3.311 97.729 221.156 bcc
126 276.454 96.926 305.336 bcc
127 109.247 93.975 328.711 bcc
128 206.148 113.835 16.015 bcc
129 113.955 60.362 326.775 bcc
130 277.064 69.541 35.263 bcc
131 10.210 18.580 334.321 bcc
132 100.928 99.111 240.186 bcc
133 99.901 97.780 239.842 bcc
134 80.867 94.897 306.041 bcc
135 191.140 30.396 98.683 bcc
136 145.327 85.407 294.769 bcc
137 209.534 72.149 61.837 bcc
138 143.513 68.300 279.278 bcc
139 303.838 67.810 23.023 bcc
140 101.801 97.231 240.167 bcc
141 269.948 91.392 20.160 bcc
142 271.250 95.692 20.634 bcc
143 301.967 120.831 229.935 bcc
144 186.371 75.588 0.367 fcc
145 144.082 85.515 294.983 bcc
146 64.850 121.863 94.361 bcc
147 164.891 9.075 76.796 bcc
148 242.476 42.829 45.223 bcc
149 259.517 130.446 317.438 bcc
150 13.700 18.132 331.000 bcc
151 331.203 35.288 357.004 bcc
152 84.928 46.340 105.130 bcc
153 228.201 77.236 73.343 bcc
154 106.268 137.986 290.635 bcc
155 192.748 27.635 95.122 bcc
156 79.407 66.136 120.426 bcc
157 286.484 117.355 250.047 bcc
158 136.152 95.634 358.106 bcc
159 209.061 124.950 6.375 bcc
160 169.868 7.933 57.450 bcc
161 48.906 98.971 108.333 bcc
162 238.994 42.489 46.206 bcc
163 168.272 153.020 110.969 bcc
164 303.646 122.265 230.308 bcc
165 247.066 119.599 41.672 bcc
166 314.850 64.606 157.232 bcc
167 188.394 29.412 101.890 bcc
168 146.909 140.117 28.165 bcc
169 71.734 119.283 102.163 bcc
170 269.089 92.668 21.560 bcc
171 123.651 149.587 305.324 bcc
172 285.684 85.941 29.412 bcc
173 183.165 75.421 330.436 bcc
174 104.627 135.040 284.832 bcc
175 265.415 48.792 40.828 bcc
176 295.175 64.383 22.272 bcc
177 269.224 56.729 232.850 bcc
178 229.544 114.473 12.068 bcc
179 288.879 86.868 208.824 bcc
180 177.948 154.894 30.890 bcc
181 287.526 87.979 29.157 bcc
182 129.633 12.690 102.449 bcc
183 195.047 28.560 91.555 bcc
184 102.480 79.601 111.276 bcc
185 124.000 153.035 307.668 bcc
186 71.598 79.700 102.613 bcc
187 40.137 59.534 114.466 bcc
188 50.052 97.741 106.428 bcc
189 358.221 69.781 180.491 bcc
190 98.716 99.454 240.094 bcc
191 281.912 83.451 31.723 bcc
192 176.935 127.300 151.148 bcc
193 318.666 171.045 352.186 bcc
194 75.358 48.425 313.053 bcc
195 355.905 70.823 182.626 bcc
196 125.956 147.933 304.736 bcc
197 275.425 92.688 8.999 bcc
198 11.848 80.560 171.271 bcc
199 17.971 19.705 309.442 bcc
200 190.563 28.564 97.251 bcc
201 203.074 116.460 8.528 bcc
202 194.912 26.580 92.215 bcc
203 267.442 84.382 243.547 bcc
204 74.333 40.504 129.503 bcc
205 239.262 80.538 54.197 bcc
206 324.538 78.715 20.141 bcc
207 236.111 114.300 12.101 bcc
208 255.787 125.246 57.829 bcc
209 322.437 119.404 58.831 bcc
210 333.845 98.669 43.370 bcc
211 273.733 92.276 9.644 bcc
212 154.508 95.673 357.803 bcc
213 143.832 73.617 114.296 bcc
214 154.745 105.100 286.091 bcc
215 64.181 111.158 288.071 bcc
216 8.420 165.346 96.457 bcc
217 191.241 27.563 95.273 bcc
218 259.459 131.323 325.542 bcc
219 348.788 165.382 195.950 bcc
220 15.774 149.395 86.843 bcc
221 99.253 99.974 240.353 bcc
222 216.265 89.272 9.943 bcc
223 71.082 99.864 111.588 bcc
224 179.578 31.556 104.749 bcc
225 82.371 52.877 127.412 bcc
226 315.217 56.963 52.124 bcc
227 174.416 29.568 25.879 bcc
228 356.381 70.340 181.835 bcc
229 287.458 88.833 208.949 bcc
230 85.226 121.187 92.692 bcc
231 322.409 91.603 65.812 bcc
232 58.170 98.905 112.086 bcc
233 111.969 61.362 115.143 bcc
234 220.697 120.279 332.625 bcc
235 178.513 31.004 107.687 bcc
236 19.698 104.042 313.766 bcc
237 67.860 123.092 94.962 bcc
238 182.643 104.337 357.550 bcc
239 95.722 65.573 122.035 bcc
240 96.632 67.108 125.975 bcc
241 316.969 78.927 41.368 bcc
242 14.315 170.641 11.862 bcc
243 220.823 123.896 330.832 bcc
244 257.285 93.620 4.857 bcc
245 232.932 142.082 225.019 bcc
246 111.336 66.258 287.573 bcc
247 270.473 93.477 21.015 bcc
248 323.627 113.531 53.970 bcc
249 313.001 120.596 53.717 bcc
250 157.862 104.706 294.131 bcc
251 207.382 76.773 67.906 bcc
252 175.543 137.908 320.147 bcc
253 44.532 72.174 157.139 bcc
254 284.975 81.201 30.005 bcc
255 123.154 8.145 94.251 bcc
256 198.562 18.295 71.546 bcc
257 155.438 78.784 296.738 bcc
258 314.462 62.655 339.217 bcc
259 358.169 92.371 227.174 bcc
260 264.929 44.075 346.415 bcc
261 34.986 70.874 153.946 bcc
262 287.077 88.065 29.800 bcc
263 272.476 39.510 342.718 bcc
264 67.179 126.828 265.847 bcc
265 97.703 47.978 110.684 bcc
266 100.805 98.357 237.439 bcc
267 268.581 93.587 22.582 bcc
268 34.976 69.648 154.790 bcc
269 356.270 70.772 181.518 bcc
270 358.606 71.096 7.838 bcc
271 274.810 56.123 44.101 bcc
272 178.791 109.973 351.648 bcc
273 26.465 156.218 21.951 bcc
274 290.290 116.076 212.556 bcc
275 358.499 95.090 246.493 bcc
276 355.603 70.337 182.981 bcc
277 98.611 65.197 127.365 bcc
278 353.503 149.372 244.703 bcc
279 208.565 122.654 189.850 bcc
280 181.011 110.673 354.623 bcc
281 207.666 69.866 62.526 bcc
282 4.760 112.627 43.732 bcc
283 275.936 93.565 22.083 bcc
284 29.450 110.200 238.854 bcc
285 323.851 91.103 245.710 bcc
286 357.375 70.430 180.120 bcc
287 55.341 114.279 1.726 bcc
288 287.893 85.838 28.003 bcc
289 95.001 94.372 119.934 bcc
290 141.245 152.914 100.465 bcc
291 4.713 79.358 179.651 bcc
292 89.682 96.490 295.951 bcc
293 236.136 55.598 321.491 bcc
294 85.098 29.931 348.361 bcc
295 93.018 132.939 253.447 bcc
296 189.337 158.719 111.465 bcc
297 78.147 43.052 281.916 bcc
298 131.078 8.908 87.406 bcc
299 238.948 111.831 15.724 bcc
300 273.111 147.670 56.076 bcc
301 113.341 104.566 244.266 bcc
302 326.430 92.768 184.274 bcc
303 272.403 111.906 300.483 bcc
304 279.375 95.418 301.936 bcc
305 295.582 114.894 54.196 bcc
306 135.747 114.314 291.654 bcc
307 248.420 59.016 56.033 bcc
308 286.157 70.746 20.596 bcc
309 99.319 99.846 239.273 bcc
310 273.258 90.514 6.906 bcc
311 106.843 107.698 66.801 bcc
312 313.351 74.329 16.928 bcc
313 181.377 109.940 354.438 bcc
314 337.602 94.612 57.138 bcc
315 185.912 98.650 359.834 bcc
316 289.880 89.095 31.075 bcc
317 84.719 49.208 102.881 bcc
318 242.685 146.241 351.411 bcc
319 173.495 87.771 121.525 bcc
320 287.981 62.971 329.362 bcc
321 184.095 71.367 335.432 bcc
322 57.326 99.520 112.670 bcc
323 194.830 102.458 46.426 bcc
324 266.762 92.097 22.775 bcc
325 112.442 73.288 120.035 bcc
326 319.930 117.285 53.965 bcc
327 244.978 129.623 358.891 bcc
328 195.458 62.814 77.483 bcc
329 268.263 93.073 21.056 bcc
330 288.109 87.630 28.650 bcc
331 322.562 115.863 234.030 bcc
332 315.855 21.690 357.407 bcc
333 16.733 78.584 39.729 bcc
334 339.468 80.814 177.649 bcc
335 198.074 120.118 3.058 bcc
336 71.590 107.233 318.429 bcc
337 346.844 11.231 50.611 bcc
338 297.764 89.609 25.410 bcc
339 196.811 155.356 231.990 bcc
340 235.952 158.774 76.514 bcc
341 239.235 55.230 47.642 bcc
342 349.802 90.002 184.763 bcc
343 107.823 62.867 290.280 bcc
344 203.881 173.540 153.782 bcc
345 341.194 86.538 55.505 bcc
346 98.060 98.152 238.065 bcc
347 0.224 69.480 8.830 bcc
348 50.956 135.978 355.195 fcc
349 326.032 93.349 245.368 bcc
350 129.601 7.138 87.657 bcc
351 100.229 97.523 314.194 bcc
352 322.650 116.358 233.906 bcc
353 59.145 33.004 102.511 bcc
354 218.135 90.561 187.440 bcc
355 143.352 135.519 289.982 bcc
356 3.488 148.150 258.155 bcc
357 36.232 67.263 152.675 bcc
358 183.926 103.598 358.621 bcc
359 128.846 7.594 88.832 bcc
360 190.823 31.896 11.493 bcc
361 100.100 97.998 240.071 bcc
362 185.406 110.199 334.378 bcc
363 278.480 105.699 328.315 bcc
364 110.239 7.536 107.102 bcc
365 93.234 143.161 108.876 bcc
366 175.537 66.198 7.422 bcc
367 267.914 87.334 244.008 bcc
368 177.078 108.556 355.294 bcc
369 157.856 102.822 292.475 bcc
370 86.779 96.882 297.254 bcc
371 130.346 120.080 308.460 bcc
372 100.849 64.873 125.343 bcc
373 292.949 82.296 303.695 bcc
374 13.288 60.348 359.977 bcc
375 97.273 131.290 98.758 bcc
376 136.542 95.607 354.769 bcc
377 38.717 54.405 131.398 bcc
378 290.092 121.383 334.473 bcc
379 29.897 64.413 158.531 bcc
380 335.511 80.240 170.946 bcc
381 359.313 82.702 1.204 bcc
382 192.962 30.337 2.484 bcc
383 208.169 72.756 61.026 bcc
384 81.606 57.444 93.031 bcc
385 214.280 83.295 14.926 bcc
386 285.495 88.925 29.778 bcc
387 85.332 47.591 128.857 bcc
388 145.498 86.711 294.566 bcc
389 113.438 62.714 106.414 bcc
390 3.191 80.847 180.934 bcc
391 145.234 137.860 28.815 bcc
392 47.440 98.560 358.948 bcc
393 295.193 117.219 51.106 bcc
394 287.968 89.878 29.186 bcc
395 10.014 149.827 81.168 bcc
396 286.574 157.137 204.445 bcc
397 146.046 131.696 111.225 bcc
398 304.863 34.712 11.027 bcc
399 261.010 46.571 322.690 bcc
400 73.839 48.135 316.810 bcc
401 334.888 75.088 159.055 bcc
402 149.485 100.980 127.664 bcc
403 0.217 19.167 9.825 fcc
404 275.138 93.237 7.881 bcc
405 199.309 137.388 320.170 bcc
406 267.629 94.101 19.206 bcc
407 334.667 87.392 184.411 bcc
408 113.639 65.389 286.878 bcc
409 86.488 46.153 124.926 bcc
410 332.068 75.995 48.441 bcc
411 159.222 88.188 124.675 bcc
412 99.766 97.375 240.125 bcc
413 359.759 81.394 184.004 bcc
414 104.856 136.424 286.048 bcc
415 309.842 116.471 264.393 bcc
416 254.442 162.299 0.536 bcc
417 99.854 96.958 237.538 bcc
418 178.859 111.119 357.716 bcc
419 232.106 90.086 8.540 bcc
420 211.388 76.128 336.061 bcc
421 293.344 85.287 33.281 bcc
422 166.880 95.310 356.573 bcc
423 222.677 30.951 68.685 bcc
424 98.742 63.640 124.683 bcc
425 261.186 135.271 318.948 bcc
426 277.603 81.241 30.646 bcc
427 302.296 80.801 42.278 fcc
428 30.880 115.734 62.141 bcc
429 277.522 93.633 22.316 bcc
430 332.186 97.218 60.136 bcc
431 66.798 60.796 139.202 bcc
432 104.468 133.247 299.336 bcc
433 172.850 155.064 28.388 bcc
434 114.519 47.784 110.065 bcc
435 280.905 117.239 344.925 bcc
436 276.249 91.471 195.049 bcc
437 322.078 80.699 48.229 fcc
438 49.329 59.309 260.592 bcc
439 195.075 30.346 90.835 bcc
440 81.345 47.788 130.698 bcc
441 268.745 83.863 246.109 bcc
442 56.456 100.259 292.406 bcc
443 347.091 151.970 238.270 bcc
444 123.476 153.459 307.642 bcc
445 291.335 73.665 297.441 bcc
446 287.706 39.428 359.918 bcc
447 272.167 94.475 20.407 bcc
448 65.184 114.240 288.732 bcc
449 37.482 69.878 150.822 bcc
450 275.608 91.211 6.564 bcc
451 311.577 60.472 334.050 bcc
452 241.581 68.193 38.507 bcc
453 2.409 69.710 185.168 bcc
454 135.696 97.219 354.102 bcc
455 192.820 29.735 93.547 bcc
456 117.414 18.254 6.663 bcc
457 194.777 30.067 94.423 bcc
458 355.339 72.335 180.757 bcc
459 69.628 119.975 302.980 bcc
460 16.950 79.434 135.407 bcc
461 295.965 117.727 55.004 bcc
462 260.550 39.546 240.210 bcc
463 209.750 72.000 329.204 bcc
464 294.760 63.820 21.170 bcc
465 344.755 84.629 174.735 bcc
466 178.254 128.616 152.161 bcc
467 269.786 112.071 57.143 bcc
468 354.597 70.245 183.552 bcc
469 287.765 86.410 29.804 bcc
470 30.415 107.532 297.193 bcc
471 333.376 97.489 57.738 bcc
472 200.375 27.682 36.723 bcc
473 138.957 99.005 81.771 bcc
474 134.757 118.186 294.404 bcc
475 134.811 74.358 280.918 bcc
476 198.093 26.089 89.730 bcc
477 89.477 95.241 294.617 bcc
478 17.266 60.663 357.571 bcc
479 314.589 62.154 339.416 bcc
480 87.841 66.245 108.512 bcc
481 314.695 61.012 335.819 bcc
482 298.538 67.071 326.566 bcc
483 128.544 8.559 90.557 bcc
484 95.168 68.991 118.045 bcc
485 349.210 82.548 2.840 bcc
486 187.387 78.650 121.296 bcc
487 122.337 94.293 277.905 bcc
488 267.953 92.838 20.606 bcc
489 167.558 14.182 32.351 bcc
490 275.120 88.632 10.107 bcc
491 288.068 71.089 29.549 bcc
492 279.397 114.665 327.207 bcc
493 145.679 84.757 293.717 bcc
494 156.815 85.636 16.285 bcc
495 172.679 152.847 28.384 bcc
496 285.919 57.091 17.801 bcc
497 303.227 72.311 266.521 bcc
498 278.412 84.767 211.342 bcc
499 9.927 63.800 173.823 bcc
500 210.264 113.637 288.740 bcc
