# material=316L; build dir at 0.0 deg to load axis x in x-y plane
# grain_id phi1 Phi phi2 (Bunge, deg) crystal
1 40.209 99.475 236.146 fcc
2 310.943 162.124 341.575 fcc
3 219.867 81.844 26.893 fcc
4 90.907 134.253 209.667 fcc
5 321.998 172.525 353.840 fcc
6 265.667 113.892 319.306 fcc
7 196.896 78.104 63.975 fcc
8 239.812 91.273 279.298 fcc
9 265.615 113.807 318.471 fcc
10 41.628 100.304 233.870 fcc
11 265.862 112.942 319.005 fcc
12 44.960 96.484 234.049 fcc
13 79.608 146.281 233.185 fcc
14 41.192 102.487 236.515 fcc
15 219.064 81.969 28.100 fcc
16 26.532 75.201 221.192 fcc
17 268.078 112.736 320.533 fcc
18 194.725 78.627 64.084 fcc
19 114.634 142.347 115.236 fcc
20 4.858 98.802 200.563 fcc
21 318.554 157.446 344.895 fcc
22 265.689 113.966 318.471 fcc
23 81.688 145.472 231.533 fcc
24 265.835 112.952 319.547 fcc
25 321.660 80.567 176.298 fcc
26 39.764 100.445 235.182 fcc
27 5.248 99.180 198.591 fcc
28 228.326 130.509 305.145 fcc
29 116.985 140.475 117.579 fcc
30 108.135 118.190 7.433 fcc
31 227.724 134.765 306.059 fcc
32 265.583 114.085 318.572 fcc
33 39.398 100.643 236.511 fcc
34 321.664 80.278 175.986 fcc
35 4.190 100.454 199.636 fcc
36 114.049 139.762 114.245 fcc
37 194.037 76.988 61.577 fcc
38 21.069 75.628 223.005 fcc
39 115.374 140.529 114.675 fcc
40 288.693 167.950 325.710 fcc
41 230.139 133.835 307.048 fcc
42 39.254 99.316 235.291 fcc
43 228.190 132.843 304.525 fcc
44 2.943 97.465 200.096 fcc
45 195.037 78.281 64.019 fcc
46 240.646 91.079 277.750 fcc
47 253.777 109.081 315.276 fcc
48 239.731 90.502 278.455 fcc
49 22.018 76.574 224.838 fcc
50 40.083 99.814 235.872 fcc
51 265.667 113.781 318.549 fcc
52 241.008 90.557 279.638 fcc
53 116.905 124.122 307.971 fcc
