# grain_id phi1 Phi phi2 (Bunge, deg) crystal material region
1 106.940 116.264 5.479 fcc 316L 0
2 242.565 91.738 -80.587 fcc 316L 0
3 52.917 61.347 -148.642 fcc 316L 0
4 21.663 75.739 -136.556 fcc 316L 0
5 90.845 133.036 -150.830 fcc 316L 0
6 -37.643 82.112 176.179 fcc 316L 0
7 117.970 124.196 -53.857 fcc 316L 0
8 227.604 133.382 -52.942 fcc 316L 0
9 -94.379 112.809 -41.544 fcc 316L 0
10 229.162 133.769 -54.145 fcc 316L 0
11 89.316 134.264 -153.777 fcc 316L 0
12 26.511 74.465 -139.443 fcc 316L 0
13 -51.594 164.307 -19.271 fcc 316L 0
14 225.593 134.242 -59.058 fcc 316L 0
15 77.524 146.276 -129.543 fcc 316L 0
16 117.537 125.165 -52.629 fcc 316L 0
17 91.368 134.730 -148.765 fcc 316L 0
18 227.432 133.070 -55.869 fcc 316L 0
19 226.585 131.062 -56.609 fcc 316L 0
20 66.729 95.284 -174.979 fcc 316L 0
21 57.652 66.656 -93.993 fcc trans 1
22 -129.284 58.833 -19.658 bcc 17-4PH 2
23 -1.810 71.063 -176.491 bcc 17-4PH 2
24 -170.291 127.999 41.405 bcc 17-4PH 2
25 -85.926 89.378 10.358 bcc 17-4PH 2
26 -61.180 47.343 -34.797 bcc 17-4PH 2
27 24.677 64.889 -193.342 bcc 17-4PH 2
28 -4.743 70.105 181.783 bcc 17-4PH 2
29 -65.131 106.196 -26.353 bcc 17-4PH 2
30 19.663 69.697 138.303 bcc 17-4PH 2
31 184.000 69.972 -26.114 bcc 17-4PH 2
32 205.094 119.092 -40.425 bcc 17-4PH 2
33 -163.000 115.935 10.004 bcc 17-4PH 2
34 106.322 136.479 -63.837 bcc 17-4PH 2
35 4.778 63.847 0.782 bcc 17-4PH 2
36 146.631 67.996 -72.375 bcc 17-4PH 2
37 144.377 84.879 -64.898 bcc 17-4PH 2
38 -44.177 62.500 -22.806 bcc 17-4PH 2
39 -35.685 111.788 -124.765 bcc 17-4PH 2
40 -91.108 93.271 21.674 bcc 17-4PH 2
41 -132.139 6.672 -42.794 bcc 17-4PH 2
42 -89.281 92.671 20.791 bcc 17-4PH 2
43 100.471 97.931 -120.106 bcc 17-4PH 2
44 109.439 11.899 19.411 bcc 17-4PH 2
45 181.751 103.415 -4.758 bcc 17-4PH 2
46 4.857 67.240 3.692 bcc 17-4PH 2
47 84.373 46.767 -75.749 bcc 17-4PH 2
48 145.694 82.325 -65.275 bcc 17-4PH 2
49 94.150 136.699 -79.519 bcc 17-4PH 2
50 166.276 168.617 -157.422 bcc 17-4PH 2
51 144.482 84.913 -64.727 bcc 17-4PH 2
52 -34.946 95.679 -118.490 bcc 17-4PH 2
53 100.746 99.664 -120.052 bcc 17-4PH 2
54 -171.293 30.729 98.378 bcc 17-4PH 2
55 -195.317 17.671 71.516 bcc 17-4PH 2
56 109.438 45.816 -246.815 bcc 17-4PH 2
57 49.318 102.091 0.496 bcc 17-4PH 2
58 -141.435 89.514 187.744 bcc 17-4PH 2
59 -229.211 10.772 85.889 bcc 17-4PH 2
60 -81.269 112.785 -34.510 bcc 17-4PH 2
61 36.231 70.203 -208.612 bcc 17-4PH 2
62 36.476 70.511 -189.817 bcc 17-4PH 2
63 -99.477 123.729 59.796 bcc 17-4PH 2
64 -215.220 84.834 115.510 bcc 17-4PH 2
65 2.619 116.123 -118.501 bcc 17-4PH 2
66 -85.546 82.595 29.345 bcc 17-4PH 2
67 -39.136 109.480 -12.441 bcc 17-4PH 2
68 152.268 106.931 -73.577 bcc 17-4PH 2
69 -147.363 87.739 17.762 bcc 17-4PH 2
70 101.134 98.865 -120.015 bcc 17-4PH 2
71 200.836 157.141 -123.271 bcc 17-4PH 2
72 1.815 69.311 -174.960 bcc 17-4PH 2
73 -4.484 70.822 181.996 bcc 17-4PH 2
74 -134.672 86.658 2.396 bcc 17-4PH 2
75 100.551 96.068 -119.745 bcc 17-4PH 2
76 -108.290 159.377 89.309 bcc 17-4PH 2
77 134.949 96.572 -6.302 bcc 17-4PH 2
78 -12.308 83.094 2.045 bcc 17-4PH 2
79 -124.697 55.951 54.013 bcc 17-4PH 2
80 -197.858 9.835 140.445 bcc 17-4PH 2
81 166.711 93.481 -58.653 bcc 17-4PH 2
82 180.485 110.115 -4.715 bcc 17-4PH 2
83 -161.699 120.955 3.882 bcc 17-4PH 2
84 9.188 163.226 95.862 bcc 17-4PH 2
85 -166.625 27.405 94.181 bcc 17-4PH 2
86 11.062 78.761 -170.601 bcc 17-4PH 2
87 -124.052 93.850 14.397 bcc 17-4PH 2
88 17.079 119.879 -38.678 bcc 17-4PH 2
89 -164.861 28.242 92.518 bcc 17-4PH 2
90 -53.847 55.807 -34.870 bcc 17-4PH 2
91 8.128 60.875 34.843 bcc 17-4PH 2
92 95.274 37.415 -243.658 bcc 17-4PH 2
93 29.633 106.211 -59.389 bcc 17-4PH 2
94 -208.972 3.896 75.470 bcc 17-4PH 2
95 -64.614 84.200 30.333 bcc 17-4PH 2
96 87.185 94.679 -62.973 bcc 17-4PH 2
97 -36.678 116.244 54.128 bcc 17-4PH 2
98 -52.107 37.838 48.095 bcc 17-4PH 2
99 9.345 20.042 -23.316 bcc 17-4PH 2
100 100.134 64.493 -237.176 bcc 17-4PH 2
101 -34.909 116.326 -5.909 bcc 17-4PH 2
102 2.727 99.999 45.701 bcc 17-4PH 2
103 100.064 97.976 -120.135 bcc 17-4PH 2
104 156.118 103.355 -69.634 bcc 17-4PH 2
105 100.788 133.664 -80.707 bcc 17-4PH 2
106 180.225 103.177 -1.807 bcc 17-4PH 2
107 -152.587 113.074 175.542 bcc 17-4PH 2
108 -51.567 25.343 -24.667 bcc 17-4PH 2
109 184.759 70.559 -24.791 bcc 17-4PH 2
110 -93.898 42.455 -37.909 bcc 17-4PH 2
111 -126.152 86.426 10.255 bcc 17-4PH 2
112 -27.543 75.772 47.119 bcc 17-4PH 2
113 134.883 74.268 -76.123 bcc 17-4PH 2
114 87.545 80.415 -242.652 fcc 17-4PH 2
115 104.000 141.072 -70.024 bcc 17-4PH 2
116 17.957 59.812 -2.406 bcc 17-4PH 2
117 -81.154 96.530 24.048 bcc 17-4PH 2
118 106.786 93.683 -35.166 bcc 17-4PH 2
119 -165.665 31.149 33.907 bcc 17-4PH 2
120 -153.680 105.686 -0.341 bcc 17-4PH 2
121 -64.391 84.660 38.091 bcc 17-4PH 2
122 89.005 136.010 -53.818 bcc 17-4PH 2
123 -115.904 94.725 5.242 bcc 17-4PH 2
124 196.561 63.902 -30.716 bcc 17-4PH 2
125 47.260 55.422 -7.635 bcc 17-4PH 2
126 158.684 85.885 16.962 bcc 17-4PH 2
127 57.869 173.871 61.446 bcc 17-4PH 2
128 64.324 108.479 -64.068 bcc 17-4PH 2
129 88.441 92.958 -63.536 bcc 17-4PH 2
130 84.477 45.986 -231.404 bcc 17-4PH 2
131 25.063 118.863 -38.363 bcc 17-4PH 2
132 -185.485 68.302 7.057 bcc 17-4PH 2
133 57.594 67.745 -194.883 bcc 17-4PH 2
134 -100.465 90.196 7.292 bcc 17-4PH 2
135 -179.456 84.295 24.565 bcc 17-4PH 2
136 -84.133 83.953 207.401 bcc 17-4PH 2
137 -163.295 121.805 96.813 bcc 17-4PH 2
138 180.052 109.433 -6.492 bcc 17-4PH 2
139 -110.851 61.250 57.157 bcc 17-4PH 2
140 -2.808 70.241 182.288 bcc 17-4PH 2
141 168.374 25.666 9.681 bcc 17-4PH 2
142 -65.514 74.127 21.158 bcc 17-4PH 2
143 177.156 136.528 -36.424 bcc 17-4PH 2
144 -85.758 90.993 8.709 bcc 17-4PH 2
145 48.893 86.230 120.875 bcc 17-4PH 2
146 -171.669 29.710 101.775 bcc 17-4PH 2
147 19.646 152.714 -89.117 bcc 17-4PH 2
148 99.007 98.543 -118.530 bcc 17-4PH 2
149 -99.331 69.749 11.222 bcc 17-4PH 2
150 -78.103 76.815 12.118 bcc 17-4PH 2
151 118.082 31.597 -240.851 bcc 17-4PH 2
152 101.376 97.150 -120.930 bcc 17-4PH 2
153 93.130 93.834 -241.213 bcc 17-4PH 2
154 -7.820 168.693 -144.254 bcc 17-4PH 2
155 -89.488 162.857 -40.822 bcc 17-4PH 2
156 -68.456 91.208 8.107 bcc 17-4PH 2
157 -48.180 82.557 36.589 bcc 17-4PH 2
158 -73.305 68.370 21.690 bcc 17-4PH 2
159 176.673 68.825 -39.139 bcc 17-4PH 2
160 -96.273 134.026 -31.559 bcc 17-4PH 2
161 -50.722 29.736 10.305 bcc 17-4PH 2
162 -109.543 87.430 8.479 bcc 17-4PH 2
163 -118.169 90.287 13.266 bcc 17-4PH 2
164 -27.023 100.668 61.963 bcc 17-4PH 2
165 -131.380 95.413 186.280 bcc 17-4PH 2
166 1.583 104.467 55.606 bcc 17-4PH 2
167 123.160 57.538 -49.039 bcc 17-4PH 2
168 50.465 133.116 -97.138 fcc 17-4PH 2
169 99.105 97.372 -120.658 bcc 17-4PH 2
170 100.766 98.114 -118.413 bcc 17-4PH 2
171 24.425 115.403 -37.838 bcc 17-4PH 2
172 85.612 46.697 -142.227 bcc 17-4PH 2
173 112.995 64.470 -69.899 bcc 17-4PH 2
174 181.148 108.640 -5.611 bcc 17-4PH 2
175 -92.429 90.906 16.238 bcc 17-4PH 2
176 92.103 128.638 -229.543 bcc 17-4PH 2
177 -35.960 11.148 -1.034 bcc 17-4PH 2
178 53.088 50.436 -224.764 bcc 17-4PH 2
179 -86.112 91.181 8.073 bcc 17-4PH 2
180 142.983 66.235 6.843 bcc 17-4PH 2
181 88.444 93.787 -64.565 bcc 17-4PH 2
182 109.636 176.455 25.328 bcc 17-4PH 2
183 -128.163 89.295 8.284 bcc 17-4PH 2
184 181.556 104.961 -2.813 bcc 17-4PH 2
185 -38.426 78.586 22.161 bcc 17-4PH 2
186 86.150 64.349 -69.345 bcc 17-4PH 2
187 49.707 112.161 -61.832 bcc 17-4PH 2
188 -112.555 65.257 -34.089 bcc 17-4PH 2
189 -20.577 79.102 -112.914 bcc 17-4PH 2
190 24.292 98.181 -56.844 bcc 17-4PH 2
191 130.803 65.789 -69.204 bcc 17-4PH 2
192 -117.914 81.510 -29.716 bcc 17-4PH 2
193 -164.487 62.774 66.817 bcc 17-4PH 2
194 -169.001 30.143 10.366 bcc 17-4PH 2
195 -70.768 89.952 28.102 bcc 17-4PH 2
196 72.260 51.731 -243.495 bcc 17-4PH 2
197 -93.424 91.848 21.278 bcc 17-4PH 2
198 -121.019 42.350 48.345 bcc 17-4PH 2
199 -124.733 55.914 -34.072 bcc 17-4PH 2
200 -3.556 70.380 180.673 bcc 17-4PH 2
201 31.046 147.614 -99.059 bcc 17-4PH 2
202 -215.048 133.553 110.674 bcc 17-4PH 2
203 -91.364 93.029 21.295 bcc 17-4PH 2
204 -37.881 119.528 -122.131 bcc 17-4PH 2
205 81.155 90.512 -63.694 bcc 17-4PH 2
206 -94.461 111.693 -35.216 bcc 17-4PH 2
207 20.149 159.277 -124.859 bcc 17-4PH 2
208 -93.189 113.628 -21.321 bcc 17-4PH 2
209 -63.447 78.606 36.283 bcc 17-4PH 2
210 99.500 97.920 -119.758 bcc 17-4PH 2
211 -87.083 95.591 18.742 bcc 17-4PH 2
212 87.638 124.228 -97.087 bcc 17-4PH 2
213 1.838 114.471 -116.635 bcc 17-4PH 2
214 60.541 30.804 103.227 bcc 17-4PH 2
215 -196.458 156.704 113.182 bcc 17-4PH 2
216 101.126 50.769 -236.095 bcc 17-4PH 2
217 67.146 33.120 111.222 bcc 17-4PH 2
218 -141.476 114.593 14.892 bcc 17-4PH 2
219 -19.347 119.041 48.567 bcc 17-4PH 2
220 -63.449 114.897 52.973 bcc 17-4PH 2
221 -248.578 149.426 97.733 bcc 17-4PH 2
222 86.558 92.626 -63.191 bcc 17-4PH 2
223 -44.969 53.669 60.895 bcc 17-4PH 2
224 147.382 143.845 -181.095 bcc 17-4PH 2
225 -73.133 88.570 30.258 bcc 17-4PH 2
226 -63.369 96.247 39.715 bcc 17-4PH 2
227 -86.565 92.970 7.215 bcc 17-4PH 2
228 -72.609 86.895 29.408 bcc 17-4PH 2
229 62.557 114.159 105.595 bcc 17-4PH 2
230 -47.463 57.368 155.477 bcc 17-4PH 2
231 -154.071 64.007 -22.373 bcc 17-4PH 2
232 -76.338 47.174 -13.236 bcc 17-4PH 2
233 -85.560 91.835 8.351 bcc 17-4PH 2
234 -17.126 155.706 -15.095 bcc 17-4PH 2
235 6.576 151.131 7.069 bcc 17-4PH 2
236 -215.494 135.966 108.520 bcc 17-4PH 2
237 55.838 106.993 101.906 bcc 17-4PH 2
238 -91.518 93.132 20.970 bcc 17-4PH 2
239 -86.237 113.888 57.302 bcc 17-4PH 2
240 -74.814 79.290 28.217 bcc 17-4PH 2
241 -4.634 72.931 181.487 bcc 17-4PH 2
242 -161.938 119.682 1.764 bcc 17-4PH 2
243 14.284 59.898 -191.683 bcc 17-4PH 2
244 204.579 68.789 -46.240 bcc 17-4PH 2
245 135.536 96.654 -2.275 bcc 17-4PH 2
246 98.326 86.307 80.374 bcc 17-4PH 2
247 -83.524 90.013 205.456 bcc 17-4PH 2
248 -135.769 137.561 64.102 bcc 17-4PH 2
249 -185.836 30.406 34.834 bcc 17-4PH 2
250 38.684 171.976 -138.504 bcc 17-4PH 2
251 150.100 102.366 -74.577 bcc 17-4PH 2
252 -63.899 115.167 54.765 bcc 17-4PH 2
253 -28.154 83.960 3.254 bcc 17-4PH 2
254 -164.367 29.177 3.268 bcc 17-4PH 2
255 79.671 47.125 -138.886 bcc 17-4PH 2
256 -41.921 25.699 53.791 bcc 17-4PH 2
257 -68.373 115.211 195.692 bcc 17-4PH 2
258 92.607 132.424 -84.787 bcc 17-4PH 2
259 -70.721 73.460 16.724 bcc 17-4PH 2
260 -81.380 113.023 49.989 bcc 17-4PH 2
261 -178.237 5.848 77.148 bcc 17-4PH 2
262 183.637 74.797 -22.974 bcc 17-4PH 2
263 -181.218 31.797 105.079 bcc 17-4PH 2
264 30.215 26.936 -59.651 bcc 17-4PH 2
265 -29.339 37.629 -1.557 bcc 17-4PH 2
266 65.665 99.702 109.084 bcc 17-4PH 2
267 -35.982 94.190 65.238 bcc 17-4PH 2
268 69.803 117.063 -55.057 bcc 17-4PH 2
269 159.068 91.173 -69.315 bcc 17-4PH 2
270 65.589 38.575 2.849 bcc 17-4PH 2
271 132.567 73.793 -78.400 bcc 17-4PH 2
272 34.257 107.099 64.355 bcc 17-4PH 2
273 104.904 132.316 -75.675 bcc 17-4PH 2
274 147.658 102.369 -211.531 bcc 17-4PH 2
275 -158.165 118.289 3.267 bcc 17-4PH 2
276 -80.121 81.316 32.918 bcc 17-4PH 2
277 -253.335 119.837 105.359 bcc 17-4PH 2
278 -121.011 64.633 -30.807 bcc 17-4PH 2
279 -166.836 118.643 8.720 bcc 17-4PH 2
280 97.982 98.288 -120.746 bcc 17-4PH 2
281 85.276 95.505 -63.298 bcc 17-4PH 2
282 -86.271 95.782 -59.057 bcc 17-4PH 2
283 -127.916 87.862 8.200 bcc 17-4PH 2
284 -26.554 155.866 -137.780 bcc 17-4PH 2
285 -146.253 87.633 3.344 bcc 17-4PH 2
286 99.043 95.058 -120.068 bcc 17-4PH 2
287 -153.189 40.230 92.268 bcc 17-4PH 2
288 10.152 162.405 99.136 bcc 17-4PH 2
289 -87.454 146.897 -37.254 bcc 17-4PH 2
290 80.620 131.958 68.311 bcc 17-4PH 2
291 63.239 107.344 116.460 bcc 17-4PH 2
292 54.654 129.580 -15.400 bcc 17-4PH 2
293 75.879 55.814 -215.951 bcc 17-4PH 2
294 -107.109 143.777 1.808 bcc 17-4PH 2
295 109.797 60.582 -248.557 bcc 17-4PH 2
296 -65.209 66.076 203.700 bcc 17-4PH 2
297 99.165 98.557 -119.377 bcc 17-4PH 2
298 -211.410 90.628 92.231 bcc 17-4PH 2
299 -244.088 60.695 114.785 bcc 17-4PH 2
300 -10.273 9.809 46.163 bcc 17-4PH 2
301 154.089 96.395 -2.153 bcc 17-4PH 2
302 63.417 112.192 -71.810 bcc 17-4PH 2
303 -71.681 73.330 25.470 bcc 17-4PH 2
304 -29.930 124.141 -135.773 bcc 17-4PH 2
305 61.509 31.428 7.431 bcc 17-4PH 2
306 49.566 97.582 106.183 bcc 17-4PH 2
307 85.844 127.069 -54.632 bcc 17-4PH 2
308 -115.565 34.177 -28.529 bcc 17-4PH 2
309 -160.167 120.183 3.437 bcc 17-4PH 2
310 49.053 90.258 -12.434 bcc 17-4PH 2
311 123.101 95.279 -89.628 bcc 17-4PH 2
312 22.449 93.297 -139.106 bcc 17-4PH 2
313 -110.572 141.040 1.162 bcc 17-4PH 2
314 -213.881 83.721 115.328 bcc 17-4PH 2
315 137.413 97.708 -2.240 bcc 17-4PH 2
316 -80.077 83.490 29.633 bcc 17-4PH 2
317 -60.989 64.433 22.025 bcc 17-4PH 2
318 -159.422 105.005 16.094 bcc 17-4PH 2
319 -33.299 134.565 62.906 bcc 17-4PH 2
320 87.931 93.233 -60.647 bcc 17-4PH 2
321 -63.341 85.048 31.065 bcc 17-4PH 2
322 -186.491 156.198 121.717 bcc 17-4PH 2
323 -87.770 51.744 239.623 bcc 17-4PH 2
324 -159.207 119.462 2.268 bcc 17-4PH 2
325 90.386 44.355 -71.051 bcc 17-4PH 2
326 -97.710 67.355 11.415 bcc 17-4PH 2
327 -103.941 142.192 7.286 bcc 17-4PH 2
328 61.987 51.879 -140.734 bcc 17-4PH 2
329 23.765 61.516 -194.699 bcc 17-4PH 2
330 142.973 63.648 -71.384 bcc 17-4PH 2
331 21.916 156.502 17.600 bcc 17-4PH 2
332 -183.799 101.583 21.724 bcc 17-4PH 2
333 112.265 91.615 -31.342 bcc 17-4PH 2
334 93.407 135.527 75.905 bcc 17-4PH 2
335 -0.409 114.366 -135.306 bcc 17-4PH 2
336 71.383 40.407 -2.025 bcc 17-4PH 2
337 -43.299 78.313 166.555 bcc 17-4PH 2
338 98.475 97.503 -120.863 bcc 17-4PH 2
339 74.336 137.858 -99.887 bcc 17-4PH 2
340 160.174 92.663 -70.072 bcc 17-4PH 2
341 -227.310 9.370 85.697 bcc 17-4PH 2
342 174.986 79.969 -40.177 bcc 17-4PH 2
343 9.637 19.375 -25.144 bcc 17-4PH 2
344 98.629 97.539 -120.599 bcc 17-4PH 2
345 99.109 67.045 -234.480 bcc 17-4PH 2
346 182.964 52.929 -26.297 bcc 17-4PH 2
347 -91.640 174.280 51.710 bcc 17-4PH 2
348 0.061 75.515 -90.470 bcc 17-4PH 2
349 37.288 171.028 33.230 bcc 17-4PH 2
350 -38.386 117.334 53.892 bcc 17-4PH 2
351 88.362 93.988 -64.286 bcc 17-4PH 2
352 -187.844 157.900 125.685 bcc 17-4PH 2
353 -39.311 79.979 184.190 bcc 17-4PH 2
354 150.322 144.033 -0.273 bcc 17-4PH 2
355 -3.748 70.930 182.171 bcc 17-4PH 2
356 -82.068 81.830 32.260 bcc 17-4PH 2
357 -91.550 93.032 21.754 bcc 17-4PH 2
358 0.923 67.953 -173.396 bcc 17-4PH 2
359 186.224 73.085 -23.928 bcc 17-4PH 2
360 -190.042 155.160 118.801 bcc 17-4PH 2
361 -90.410 89.742 18.604 bcc 17-4PH 2
362 -31.600 107.505 54.666 bcc 17-4PH 2
363 -121.077 54.610 -35.800 bcc 17-4PH 2
364 -21.837 21.708 65.500 bcc 17-4PH 2
365 82.562 47.781 -84.551 bcc 17-4PH 2
366 87.928 92.706 -64.543 bcc 17-4PH 2
367 1.551 69.361 -174.003 bcc 17-4PH 2
368 -169.742 8.987 174.962 bcc 17-4PH 2
369 -54.785 97.114 216.837 bcc 17-4PH 2
370 114.207 67.181 -77.937 bcc 17-4PH 2
371 -124.040 55.904 -35.434 bcc 17-4PH 2
372 -89.218 91.973 20.794 bcc 17-4PH 2
373 -89.070 95.105 18.256 bcc 17-4PH 2
374 12.597 166.528 96.991 bcc 17-4PH 2
375 -150.673 28.028 74.151 bcc 17-4PH 2
376 -198.634 157.099 104.872 bcc 17-4PH 2
377 -31.643 104.437 -114.565 bcc 17-4PH 2
378 85.039 36.104 -3.845 bcc 17-4PH 2
379 -66.231 117.532 51.246 bcc 17-4PH 2
380 -162.022 121.050 98.578 bcc 17-4PH 2
381 21.029 156.536 15.082 bcc 17-4PH 2
382 -212.793 85.635 114.226 bcc 17-4PH 2
383 -22.127 90.712 51.499 bcc 17-4PH 2
384 29.597 68.907 -203.797 bcc 17-4PH 2
385 -78.869 110.466 53.710 bcc 17-4PH 2
386 78.097 39.438 -67.826 bcc 17-4PH 2
387 -133.172 138.368 65.645 bcc 17-4PH 2
388 110.672 70.189 -74.335 bcc 17-4PH 2
389 44.599 113.765 -64.936 bcc 17-4PH 2
390 -161.353 118.970 2.505 bcc 17-4PH 2
391 -91.208 91.184 20.589 bcc 17-4PH 2
392 163.363 94.012 -69.473 bcc 17-4PH 2
393 -24.419 78.103 45.032 bcc 17-4PH 2
394 8.703 50.697 48.063 bcc 17-4PH 2
395 -105.909 59.434 -33.696 bcc 17-4PH 2
396 -208.431 101.920 128.783 bcc 17-4PH 2
397 1.440 170.575 -134.989 bcc 17-4PH 2
398 78.281 134.179 -51.819 bcc 17-4PH 2
399 98.577 96.745 -119.258 bcc 17-4PH 2
400 -82.049 114.731 -36.046 bcc 17-4PH 2
401 -171.608 18.060 78.640 bcc 17-4PH 2
402 -71.031 75.823 27.513 bcc 17-4PH 2
403 -124.567 90.361 12.936 bcc 17-4PH 2
404 30.117 61.667 -179.255 bcc 17-4PH 2
405 99.990 97.802 -120.399 bcc 17-4PH 2
406 83.051 69.723 -251.598 bcc 17-4PH 2
407 -95.181 116.099 58.782 bcc 17-4PH 2
408 -63.466 46.347 53.707 bcc 17-4PH 2
409 3.522 111.287 40.612 bcc 17-4PH 2
410 66.735 131.958 -60.570 bcc 17-4PH 2
411 -88.581 147.811 -39.574 bcc 17-4PH 2
412 85.665 136.105 -52.551 bcc 17-4PH 2
413 -88.382 36.860 -14.740 bcc 17-4PH 2
414 -216.585 7.550 76.081 bcc 17-4PH 2
415 76.884 134.605 -139.528 fcc 17-4PH 2
416 -21.221 88.956 52.225 bcc 17-4PH 2
417 65.608 113.220 -71.521 bcc 17-4PH 2
418 100.116 97.717 -120.194 bcc 17-4PH 2
419 -27.315 61.441 -18.324 bcc 17-4PH 2
420 -143.531 114.549 14.364 bcc 17-4PH 2
421 215.351 156.692 -108.593 bcc 17-4PH 2
422 -83.390 90.700 6.738 bcc 17-4PH 2
423 146.991 96.974 -49.869 fcc 17-4PH 2
424 133.194 71.395 -77.638 bcc 17-4PH 2
425 193.240 63.859 -30.857 bcc 17-4PH 2
426 24.107 116.368 -38.628 bcc 17-4PH 2
427 185.240 75.031 -26.061 bcc 17-4PH 2
428 -114.667 65.426 -34.460 bcc 17-4PH 2
429 -77.676 81.495 28.840 bcc 17-4PH 2
430 -72.371 83.344 29.412 bcc 17-4PH 2
431 -85.455 91.568 9.106 bcc 17-4PH 2
432 11.290 59.273 -187.190 bcc 17-4PH 2
433 -93.730 90.982 22.791 bcc 17-4PH 2
434 87.906 94.712 -63.219 bcc 17-4PH 2
435 -67.252 118.913 48.270 bcc 17-4PH 2
436 -64.758 62.309 21.125 bcc 17-4PH 2
437 -101.738 118.755 -18.889 bcc 17-4PH 2
438 95.847 69.171 -252.358 bcc 17-4PH 2
439 209.484 114.719 -70.742 bcc 17-4PH 2
440 99.886 98.063 -120.227 bcc 17-4PH 2
441 -178.023 30.222 102.472 bcc 17-4PH 2
442 -66.009 66.878 24.686 bcc 17-4PH 2
443 -117.563 94.050 10.063 bcc 17-4PH 2
444 81.938 45.869 -253.628 bcc 17-4PH 2
445 -205.021 80.345 120.194 bcc 17-4PH 2
446 105.941 134.027 -74.534 bcc 17-4PH 2
447 -57.620 33.313 41.184 bcc 17-4PH 2
448 -117.036 55.249 -20.034 bcc 17-4PH 2
449 -181.004 13.084 21.201 bcc 17-4PH 2
450 -214.087 67.362 108.508 bcc 17-4PH 2
451 49.239 84.779 119.282 bcc 17-4PH 2
452 -90.989 118.682 -15.389 bcc 17-4PH 2
453 -59.079 166.429 52.302 bcc 17-4PH 2
454 4.853 68.078 -177.685 bcc 17-4PH 2
455 -37.444 117.703 -126.034 bcc 17-4PH 2
456 165.229 110.118 -69.238 bcc 17-4PH 2
457 -82.213 91.280 195.732 bcc 17-4PH 2
458 -188.565 32.155 35.109 bcc 17-4PH 2
459 63.146 91.540 -56.065 bcc 17-4PH 2
460 -81.216 117.000 -33.914 bcc 17-4PH 2
461 109.133 63.904 -250.568 bcc 17-4PH 2
462 -4.785 73.046 180.799 bcc 17-4PH 2
463 -158.121 107.122 14.861 bcc 17-4PH 2
464 126.867 17.995 -2.718 bcc 17-4PH 2
465 -29.697 35.740 -2.846 bcc 17-4PH 2
466 -92.451 94.946 19.832 bcc 17-4PH 2
467 -150.832 71.767 -23.788 bcc 17-4PH 2
468 -98.260 128.440 258.601 bcc 17-4PH 2
469 145.586 86.543 -63.326 bcc 17-4PH 2
470 64.277 107.755 114.814 bcc 17-4PH 2
471 109.612 65.580 -70.726 bcc 17-4PH 2
472 20.262 120.032 -39.868 bcc 17-4PH 2
473 -183.298 101.869 132.757 fcc 17-4PH 2
474 -34.266 79.284 47.947 fcc 17-4PH 2
475 -71.262 87.079 210.205 bcc 17-4PH 2
476 47.157 89.823 113.740 bcc 17-4PH 2
477 145.935 85.925 -62.540 bcc 17-4PH 2
478 -142.031 52.996 61.155 bcc 17-4PH 2
479 -65.126 64.453 22.548 bcc 17-4PH 2
480 -35.369 113.311 54.778 bcc 17-4PH 2
481 -42.887 138.643 -123.088 bcc 17-4PH 2
482 -257.613 99.085 83.531 bcc 17-4PH 2
483 -152.171 77.206 59.798 bcc 17-4PH 2
484 64.741 91.258 -53.989 bcc 17-4PH 2
485 84.570 42.329 94.669 bcc 17-4PH 2
486 64.579 131.289 -11.808 bcc 17-4PH 2
487 74.195 36.384 -4.964 bcc 17-4PH 2
488 16.094 59.083 139.963 bcc 17-4PH 2
489 38.263 69.395 -207.471 bcc 17-4PH 2
490 5.983 124.197 -46.359 bcc 17-4PH 2
491 -86.041 91.305 8.545 bcc 17-4PH 2
492 102.194 67.183 -237.938 bcc 17-4PH 2
493 181.083 110.319 -5.576 bcc 17-4PH 2
494 -70.877 88.396 208.342 bcc 17-4PH 2
495 130.539 116.308 -68.886 bcc 17-4PH 2
496 -82.207 109.391 -38.262 bcc 17-4PH 2
497 -8.392 168.795 -144.773 bcc 17-4PH 2
498 100.177 97.642 -119.557 bcc 17-4PH 2
499 93.998 133.022 -83.078 bcc 17-4PH 2
500 -97.149 141.465 49.563 bcc 17-4PH 2
501 -128.232 88.671 8.606 bcc 17-4PH 2
502 71.244 51.632 -248.743 bcc 17-4PH 2
503 -190.190 33.762 37.569 bcc 17-4PH 2
504 -116.189 56.662 -18.714 bcc 17-4PH 2
505 -89.806 92.182 22.012 bcc 17-4PH 2
506 72.015 109.227 -43.346 bcc 17-4PH 2
507 16.634 170.365 13.564 bcc 17-4PH 2
508 -29.320 65.340 -18.024 bcc 17-4PH 2
509 -169.934 29.182 98.310 bcc 17-4PH 2
510 -250.154 65.832 105.284 bcc 17-4PH 2
511 92.975 69.512 -242.944 bcc 17-4PH 2
512 -85.121 91.371 9.060 bcc 17-4PH 2
513 -43.602 131.677 211.888 bcc 17-4PH 2
514 -178.691 29.220 103.521 bcc 17-4PH 2
515 7.843 53.595 49.436 bcc 17-4PH 2
516 -93.338 94.465 202.993 bcc 17-4PH 2
517 -111.399 141.510 0.024 bcc 17-4PH 2
518 126.136 60.620 -52.482 bcc 17-4PH 2
519 180.365 110.411 -5.695 bcc 17-4PH 2
520 147.812 76.569 -66.819 bcc 17-4PH 2
521 134.850 69.125 -80.974 bcc 17-4PH 2
522 83.393 92.177 -65.097 bcc 17-4PH 2
523 -50.536 116.372 -93.799 bcc 17-4PH 2
524 6.096 172.111 1.965 bcc 17-4PH 2
525 55.360 113.733 2.722 bcc 17-4PH 2
526 -65.048 114.441 219.706 bcc 17-4PH 2
527 16.752 171.800 13.315 bcc 17-4PH 2
528 44.265 73.333 -199.963 bcc 17-4PH 2
529 99.836 97.921 -120.770 bcc 17-4PH 2
530 205.405 75.129 -28.863 bcc 17-4PH 2
531 -4.234 70.235 184.166 bcc 17-4PH 2
532 -73.805 88.022 29.818 bcc 17-4PH 2
533 29.374 143.200 -9.338 bcc 17-4PH 2
534 -63.844 62.093 20.640 bcc 17-4PH 2
535 -222.201 152.109 89.071 bcc 17-4PH 2
536 -230.682 7.306 88.311 bcc 17-4PH 2
537 80.737 56.932 -239.617 bcc 17-4PH 2
538 147.913 76.099 -67.328 bcc 17-4PH 2
539 98.860 62.759 -236.669 bcc 17-4PH 2
540 -20.783 120.513 -133.539 bcc 17-4PH 2
541 65.014 92.879 -54.599 bcc 17-4PH 2
542 14.388 170.595 11.270 bcc 17-4PH 2
543 -54.758 99.906 34.664 bcc 17-4PH 2
544 -134.776 86.394 2.450 bcc 17-4PH 2
545 -86.288 51.949 40.804 bcc 17-4PH 2
546 -193.408 159.351 110.384 bcc 17-4PH 2
547 179.941 113.045 -1.320 bcc 17-4PH 2
548 134.118 124.949 -55.473 bcc 17-4PH 2
549 99.051 65.830 -236.828 bcc 17-4PH 2
550 176.967 110.641 -3.026 bcc 17-4PH 2
551 96.864 63.369 -232.916 bcc 17-4PH 2
552 58.820 90.825 -58.297 bcc 17-4PH 2
553 -67.932 112.774 -107.397 bcc 17-4PH 2
554 -214.990 85.107 115.465 bcc 17-4PH 2
555 -129.949 82.212 69.413 bcc 17-4PH 2
556 102.110 131.655 -75.811 bcc 17-4PH 2
557 -205.121 80.004 119.600 bcc 17-4PH 2
558 -25.104 85.109 186.747 bcc 17-4PH 2
559 19.818 151.005 -89.677 bcc 17-4PH 2
560 -10.999 85.385 3.785 bcc 17-4PH 2
561 2.055 164.400 -135.517 bcc 17-4PH 2
562 -57.511 123.542 227.982 bcc 17-4PH 2
563 -74.025 88.326 208.789 bcc 17-4PH 2
564 156.615 86.226 -53.942 bcc 17-4PH 2
565 -167.695 29.399 95.378 bcc 17-4PH 2
566 -165.692 28.039 92.547 bcc 17-4PH 2
567 73.791 55.763 -219.501 bcc 17-4PH 2
568 -73.456 81.887 28.486 bcc 17-4PH 2
569 101.118 79.645 -66.446 bcc 17-4PH 2
570 -94.301 41.833 -35.232 bcc 17-4PH 2
571 -31.354 75.910 5.379 bcc 17-4PH 2
572 -153.340 8.063 -21.146 bcc 17-4PH 2
573 2.741 79.769 -177.773 bcc 17-4PH 2
574 54.818 97.398 112.652 bcc 17-4PH 2
575 105.111 104.059 -114.593 bcc 17-4PH 2
576 12.274 44.514 138.940 bcc 17-4PH 2
577 -45.783 61.790 -23.266 bcc 17-4PH 2
578 -43.892 131.259 211.569 bcc 17-4PH 2
579 -91.296 92.942 20.224 bcc 17-4PH 2
580 20.286 61.055 -191.737 bcc 17-4PH 2
581 27.356 108.932 -32.506 bcc 17-4PH 2
582 -85.200 92.911 189.993 bcc 17-4PH 2
583 15.748 57.052 140.374 bcc 17-4PH 2
584 -6.301 10.484 44.069 bcc 17-4PH 2
585 -72.454 89.020 26.581 bcc 17-4PH 2
586 216.109 118.277 -74.696 bcc 17-4PH 2
587 16.595 57.986 -0.379 bcc 17-4PH 2
588 -116.425 64.309 39.463 bcc 17-4PH 2
589 73.195 134.580 -237.399 bcc 17-4PH 2
590 -46.114 52.487 37.666 bcc 17-4PH 2
591 -24.768 167.009 8.769 bcc 17-4PH 2
592 98.380 63.188 -234.741 bcc 17-4PH 2
593 215.077 38.404 -40.005 bcc 17-4PH 2
594 74.672 95.941 -41.339 bcc 17-4PH 2
595 -0.248 71.112 6.577 bcc 17-4PH 2
596 -109.176 111.301 -25.485 bcc 17-4PH 2
597 -81.104 135.459 -26.093 bcc 17-4PH 2
598 13.791 82.568 8.345 bcc 17-4PH 2
599 36.702 69.430 -208.308 bcc 17-4PH 2
600 -2.617 71.674 6.124 bcc 17-4PH 2
601 9.448 153.374 -85.869 bcc 17-4PH 2
602 -165.832 27.611 93.198 bcc 17-4PH 2
603 -37.654 78.949 -1.886 bcc 17-4PH 2
604 67.555 141.204 -88.872 bcc 17-4PH 2
605 -72.284 88.844 208.594 bcc 17-4PH 2
606 116.153 130.376 -56.338 bcc 17-4PH 2
607 99.346 96.589 -118.784 bcc 17-4PH 2
608 -91.742 86.157 66.166 bcc 17-4PH 2
609 14.210 65.388 -189.104 bcc 17-4PH 2
610 101.880 99.168 -118.734 bcc 17-4PH 2
611 -200.512 160.867 109.253 bcc 17-4PH 2
612 -218.040 58.958 84.613 bcc 17-4PH 2
613 -69.007 74.673 23.098 bcc 17-4PH 2
614 -67.964 51.965 2.081 bcc 17-4PH 2
615 -149.586 71.613 -27.380 bcc 17-4PH 2
616 -4.572 72.130 180.935 bcc 17-4PH 2
617 -54.569 80.974 198.626 bcc 17-4PH 2
618 6.451 170.654 5.516 bcc 17-4PH 2
619 62.074 32.678 7.292 bcc 17-4PH 2
620 -2.290 70.184 180.633 bcc 17-4PH 2
621 -103.652 98.669 219.382 bcc 17-4PH 2
622 -146.828 36.955 50.163 bcc 17-4PH 2
623 -73.367 88.746 206.953 bcc 17-4PH 2
624 55.768 125.483 -234.484 bcc 17-4PH 2
625 -80.686 112.833 -39.325 bcc 17-4PH 2
626 -115.342 145.510 6.882 bcc 17-4PH 2
627 -157.793 96.795 3.710 bcc 17-4PH 2
628 -90.803 94.505 203.005 bcc 17-4PH 2
629 -157.132 119.138 4.749 bcc 17-4PH 2
630 99.664 97.470 -120.699 bcc 17-4PH 2
631 122.214 11.627 21.904 bcc 17-4PH 2
632 -88.147 40.718 18.154 bcc 17-4PH 2
633 84.098 48.482 -230.452 bcc 17-4PH 2
634 100.600 96.234 -118.908 bcc 17-4PH 2
635 212.200 77.458 -61.218 bcc 17-4PH 2
636 89.157 96.463 -64.560 bcc 17-4PH 2
637 -67.009 81.046 33.404 bcc 17-4PH 2
638 -165.148 99.608 -8.587 bcc 17-4PH 2
639 -64.555 63.239 22.560 bcc 17-4PH 2
640 -68.555 112.568 -109.245 bcc 17-4PH 2
641 72.441 50.696 -241.688 bcc 17-4PH 2
642 -115.103 93.205 6.569 bcc 17-4PH 2
643 -232.983 7.784 91.123 bcc 17-4PH 2
644 -60.119 32.111 44.804 bcc 17-4PH 2
645 -167.625 160.789 114.042 bcc 17-4PH 2
646 187.144 77.727 -25.026 bcc 17-4PH 2
647 -72.352 89.369 209.464 bcc 17-4PH 2
648 -70.375 46.849 -26.865 bcc 17-4PH 2
649 -57.010 27.939 53.706 bcc 17-4PH 2
650 -62.992 46.035 53.526 bcc 17-4PH 2
651 30.760 106.630 -122.177 bcc 17-4PH 2
652 99.883 97.803 -119.561 bcc 17-4PH 2
653 15.058 59.690 -192.706 bcc 17-4PH 2
654 24.531 70.070 -202.348 bcc 17-4PH 2
655 -51.101 83.302 35.894 bcc 17-4PH 2
656 86.307 76.772 -64.716 bcc 17-4PH 2
657 -164.037 19.041 74.495 bcc 17-4PH 2
658 107.439 123.275 -51.821 bcc 17-4PH 2
659 105.604 123.791 -57.870 bcc 17-4PH 2
660 97.078 140.489 77.398 bcc 17-4PH 2
661 -65.158 118.367 -37.598 bcc 17-4PH 2
662 -131.941 96.898 62.701 bcc 17-4PH 2
663 130.110 119.870 -52.849 bcc 17-4PH 2
664 -25.533 86.130 184.491 bcc 17-4PH 2
665 -85.799 43.127 14.985 bcc 17-4PH 2
666 -250.269 4.561 100.019 bcc 17-4PH 2
667 79.593 42.076 -228.125 bcc 17-4PH 2
668 232.976 74.649 -66.794 bcc 17-4PH 2
669 -91.075 94.109 21.306 bcc 17-4PH 2
670 -226.987 6.346 85.859 bcc 17-4PH 2
671 44.617 57.383 -188.924 bcc 17-4PH 2
672 -60.275 76.994 26.612 bcc 17-4PH 2
673 191.179 135.881 -45.072 bcc 17-4PH 2
674 13.689 163.187 100.961 bcc 17-4PH 2
675 101.284 97.005 -121.625 bcc 17-4PH 2
676 -63.367 81.202 33.970 bcc 17-4PH 2
677 -111.027 88.469 8.893 bcc 17-4PH 2
678 9.726 163.216 96.929 bcc 17-4PH 2
679 130.457 118.596 -62.975 bcc 17-4PH 2
680 109.177 65.104 -74.472 bcc 17-4PH 2
681 101.856 134.756 -74.539 bcc 17-4PH 2
682 -1.710 113.043 -157.109 bcc 17-4PH 2
683 -47.427 39.404 -41.784 bcc 17-4PH 2
684 -158.140 20.276 69.279 bcc 17-4PH 2
685 100.336 99.267 -118.046 bcc 17-4PH 2
686 50.512 98.285 108.511 bcc 17-4PH 2
687 93.656 46.257 -244.848 bcc 17-4PH 2
688 -108.346 138.345 12.583 bcc 17-4PH 2
689 -0.246 71.081 7.028 bcc 17-4PH 2
690 -98.125 124.133 61.191 bcc 17-4PH 2
691 -60.184 99.295 22.795 bcc 17-4PH 2
692 -168.869 29.775 96.894 bcc 17-4PH 2
693 176.269 110.625 -1.532 bcc 17-4PH 2
694 -184.397 35.055 107.204 bcc 17-4PH 2
695 181.914 109.881 -7.047 bcc 17-4PH 2
696 100.532 132.840 -67.334 bcc 17-4PH 2
697 136.066 94.739 -2.939 bcc 17-4PH 2
698 149.550 75.113 -67.002 bcc 17-4PH 2
699 83.615 134.334 67.998 bcc 17-4PH 2
700 13.408 149.492 84.205 bcc 17-4PH 2
701 -17.770 166.005 17.329 bcc 17-4PH 2
702 50.299 90.420 115.440 bcc 17-4PH 2
703 -124.776 92.521 12.637 bcc 17-4PH 2
704 50.132 63.072 -196.239 bcc 17-4PH 2
705 99.756 97.810 -120.095 bcc 17-4PH 2
706 51.309 63.807 -197.494 bcc 17-4PH 2
707 -91.960 91.439 22.231 bcc 17-4PH 2
708 -4.476 69.650 179.988 bcc 17-4PH 2
709 104.751 135.833 -75.432 bcc 17-4PH 2
710 1.291 82.477 -178.364 bcc 17-4PH 2
711 86.070 64.656 -73.323 bcc 17-4PH 2
712 25.753 105.579 -58.168 bcc 17-4PH 2
713 85.027 133.177 71.290 bcc 17-4PH 2
714 18.555 108.593 -114.266 fcc 17-4PH 2
715 -11.057 147.931 -126.250 bcc 17-4PH 2
716 136.888 98.259 -4.308 bcc 17-4PH 2
717 30.243 172.044 28.569 bcc 17-4PH 2
718 63.677 36.814 -175.767 bcc 17-4PH 2
719 -34.913 102.546 28.268 bcc 17-4PH 2
720 -73.088 90.050 210.581 bcc 17-4PH 2
721 -130.074 158.778 72.519 bcc 17-4PH 2
